0 0.0348096 0.824208 0.0696153 0.335519 35
0 0.0274479 0.566161 0.0547409 0.214373 33
1 0.536101 0.194223 0.016876 0.0666626 32
0 0.635415 0.183676 0.0501084 0.0951229 31
0 0.182617 0.741515 0.180818 0.358527 30
1 0.663293 0.275392 0.0225585 0.0742518 29
1 0.509957 0.226889 0.0209543 0.076955 28
1 0.109482 0.349263 0.0322784 0.0929127 27
1 0.599547 0.412292 0.0420542 0.134217 26
0 0.222387 0.304763 0.0912236 0.126783 24
0 0.321067 0.275854 0.0794969 0.119093 21
0 0.305013 0.179893 0.0544841 0.0900853 17
0 0.364861 0.180799 0.0473023 0.0830199 13
