0 0.0366043 0.638879 0.0731512 0.22339 56
1 0.0652929 0.398533 0.0342874 0.0991964 54
1 0.0987331 0.385011 0.0330421 0.109035 53
0 0.512931 0.119607 0.0473118 0.0866311 52
1 0.123865 0.328562 0.0313179 0.0988286 51
1 0.497332 0.254913 0.0250711 0.0964418 50
0 0.284446 0.303936 0.079511 0.123902 49
1 0.566251 0.567253 0.057667 0.181951 48
1 0.794638 0.878458 0.0941628 0.23559 46
0 0.228842 0.243477 0.0658025 0.0946686 43
1 0.347099 0.200233 0.0187094 0.0686076 40
0 0.316282 0.183539 0.0416072 0.0737441 35
0 0.740356 0.419444 0.148298 0.281273 31
0 0.379845 0.16953 0.0381511 0.0652476 30
