0 0.0736396 0.804166 0.146914 0.350177 49
1 0.493445 0.179712 0.0154354 0.0603205 48
1 0.0727135 0.40564 0.0304394 0.0954129 47
1 0.523213 0.227009 0.0202899 0.0711554 46
1 0.165915 0.412213 0.0396673 0.127378 45
0 0.132988 0.376655 0.0988625 0.14752 43
1 0.249981 0.321417 0.0317624 0.114294 42
1 0.292938 0.294771 0.0301582 0.102633 40
0 0.27415 0.246333 0.0670231 0.0954269 35
0 0.236802 0.205471 0.0483206 0.0930081 33
0 0.637646 0.250529 0.0689373 0.143687 31
0 0.36078 0.214557 0.0515702 0.0854624 30
1 0.956398 0.761362 0.0528036 0.159386 29
0 0.319757 0.169852 0.0440127 0.0698522 24
0 0.379237 0.161281 0.0386363 0.0769341 21
