0 0.106323 0.680932 0.173304 0.292313 49
1 0.49607 0.192554 0.0164024 0.0696496 48
1 0.53127 0.248585 0.023437 0.0830201 46
1 0.185767 0.3797 0.0346769 0.109633 45
0 0.149001 0.351349 0.0957729 0.131229 43
1 0.263322 0.295459 0.0304079 0.106714 42
1 0.303451 0.274522 0.0283959 0.096656 40
0 0.284239 0.233206 0.0581722 0.0851906 35
0 0.644553 0.262554 0.076304 0.156914 31
0 0.363977 0.205619 0.0474328 0.0841944 30
1 0.980126 0.830925 0.0397479 0.168174 29
0 0.323256 0.164943 0.0441673 0.0676909 24
0 0.382095 0.155013 0.0359535 0.0699439 21
