1 0.490188 0.162555 0.0136267 0.056359 48
1 0.029935 0.469498 0.0378973 0.116385 47
1 0.513132 0.197595 0.0179673 0.0724474 46
1 0.130017 0.483757 0.0450384 0.135399 45
0 0.10245 0.423106 0.111752 0.163066 43
1 0.224561 0.364884 0.0370925 0.135673 42
1 0.272703 0.332052 0.0338179 0.112112 40
0 0.259893 0.266704 0.0750347 0.106794 35
0 0.224255 0.223724 0.045394 0.0849472 33
0 0.630701 0.235753 0.0582945 0.139471 31
0 0.354504 0.230189 0.054071 0.0890777 30
1 0.909915 0.663026 0.0526865 0.145991 29
0 0.313307 0.176848 0.0475314 0.0749688 24
0 0.376462 0.162207 0.0411423 0.0816421 21
