1 0.0616692 0.864831 0.0822342 0.235792 40
1 0.544546 0.167893 0.0243221 0.0512164 39
1 0.273308 0.29599 0.029741 0.100906 36
0 0.158262 0.440342 0.118006 0.171419 35
0 0.137594 0.337049 0.0863993 0.117373 33
1 0.649389 0.423208 0.0437567 0.136588 32
0 0.624194 0.200713 0.0543999 0.10127 31
0 0.302282 0.351949 0.0944376 0.170295 30
1 0.740439 0.378126 0.0322211 0.094814 29
1 0.702146 0.891615 0.118254 0.207652 28
0 0.274649 0.227108 0.0654756 0.0960243 24
0 0.352241 0.211414 0.0578752 0.089995 21
0 0.324486 0.155966 0.0403097 0.0785783 17
0 0.380416 0.150455 0.0353917 0.0802453 13
