1 0.0380726 0.790213 0.0758869 0.234559 42
1 0.0290776 0.472994 0.0401839 0.11023 41
1 0.116714 0.698506 0.0687395 0.212357 40
1 0.54213 0.167545 0.0255154 0.0520622 39
1 0.293867 0.256069 0.0219347 0.0881694 36
0 0.184135 0.395838 0.107795 0.15035 35
0 0.158709 0.30569 0.0775145 0.116719 33
1 0.716894 0.577379 0.0638494 0.18021 32
0 0.621402 0.205283 0.0516359 0.107028 31
0 0.315279 0.324841 0.0817882 0.132645 30
1 0.762401 0.405272 0.0355978 0.109441 29
0 0.282462 0.216149 0.0596265 0.0904489 24
0 0.357217 0.203287 0.0550491 0.0874151 21
0 0.382158 0.14882 0.0348981 0.0729017 13
