0 0.50283 0.112062 0.036261 0.0829224 52
1 0.0228469 0.494456 0.0434153 0.122149 51
1 0.474442 0.170222 0.014747 0.0613794 50
0 0.202411 0.454646 0.124468 0.187836 49
1 0.504234 0.251268 0.022427 0.0892726 48
1 0.574741 0.352332 0.0351002 0.12225 46
1 0.228133 0.303975 0.0304714 0.102637 45
0 0.181966 0.298367 0.0760957 0.114722 43
1 0.324508 0.236581 0.0243162 0.0827399 40
0 0.297601 0.21129 0.0498277 0.0878708 35
0 0.670582 0.302724 0.0998278 0.188803 31
0 0.370847 0.189615 0.0430752 0.0738035 30
0 0.38659 0.143743 0.0323098 0.0723055 21
