1 0.132315 0.621597 0.0513182 0.211108 36
0 0.0578922 0.708469 0.115784 0.336047 35
0 0.0423119 0.496042 0.0846239 0.16843 33
1 0.546897 0.209516 0.0194149 0.0737784 32
0 0.632561 0.186324 0.0508305 0.0983234 31
0 0.213553 0.62566 0.160067 0.288373 30
1 0.675196 0.290507 0.0228231 0.0747119 29
1 0.521658 0.263387 0.0211926 0.0943841 28
1 0.655434 0.567773 0.0625756 0.185562 26
0 0.235484 0.286424 0.0832816 0.114671 24
0 0.328619 0.258278 0.0716137 0.113976 21
0 0.310357 0.179148 0.0530084 0.082797 17
0 0.368395 0.167866 0.0447527 0.0989403 13
