1 0.14765 0.575352 0.0512085 0.196292 36
0 0.062625 0.679215 0.12525 0.318122 35
0 0.0473709 0.480028 0.0947418 0.162573 33
1 0.552378 0.220549 0.0211798 0.0757972 32
0 0.631995 0.187205 0.0516455 0.0999142 31
0 0.222691 0.592674 0.156323 0.269442 30
1 0.679728 0.297386 0.0237432 0.0798623 29
1 0.525907 0.27828 0.0244417 0.105815 28
1 0.682257 0.650141 0.071242 0.215549 26
0 0.239795 0.279924 0.0822215 0.113009 24
0 0.331155 0.251714 0.0704473 0.109764 21
0 0.312222 0.173167 0.05118 0.0859864 17
0 0.369185 0.165318 0.0444063 0.100283 13
