1 0.165405 0.534481 0.0509164 0.188803 36
0 0.0671616 0.649437 0.134323 0.293686 35
0 0.0514362 0.459777 0.102622 0.161204 33
1 0.556929 0.231357 0.0216022 0.0772511 32
0 0.631549 0.187718 0.0532254 0.0976956 31
0 0.232267 0.560532 0.149301 0.253871 30
1 0.683714 0.300922 0.0245906 0.0808385 29
1 0.530404 0.295599 0.0246535 0.112353 28
1 0.71543 0.751261 0.0843157 0.23147 26
0 0.242851 0.274203 0.0794857 0.109029 24
0 0.333177 0.247498 0.0691882 0.108183 21
0 0.311991 0.174361 0.0464557 0.0795085 17
0 0.37013 0.16546 0.0444574 0.0949016 13
