0 0.124436 0.625425 0.159839 0.267118 49
1 0.497682 0.198896 0.0167719 0.074629 48
1 0.537491 0.261902 0.0237919 0.0904093 46
1 0.195798 0.359151 0.0356342 0.115484 45
0 0.157333 0.340063 0.0935261 0.127745 43
1 0.269348 0.285068 0.0290712 0.107703 42
1 0.307465 0.264909 0.0260449 0.0975293 40
0 0.286858 0.227661 0.056209 0.0886373 35
0 0.248334 0.19694 0.0470673 0.0826134 33
0 0.648177 0.268172 0.0811506 0.161394 31
0 0.36614 0.20193 0.0464349 0.0818048 30
1 0.986855 0.872127 0.0262904 0.17922 29
0 0.32524 0.162429 0.0427801 0.0660665 24
0 0.382209 0.153217 0.0348145 0.0696539 21
