0 0.025903 0.698024 0.0518059 0.263949 56
1 0.0478601 0.42698 0.0347674 0.101712 54
1 0.082728 0.41439 0.0362603 0.105523 53
0 0.512384 0.118031 0.0448915 0.0853752 52
1 0.110784 0.351045 0.0322554 0.0990774 51
1 0.49239 0.235786 0.0219176 0.0838736 50
0 0.275332 0.32462 0.0840579 0.123412 49
1 0.544205 0.465672 0.0433327 0.154923 48
1 0.734705 0.738617 0.0780445 0.229695 46
0 0.221389 0.250377 0.0667859 0.100897 43
1 0.343868 0.206421 0.0192792 0.0694682 40
0 0.313206 0.188305 0.0419985 0.0769722 35
0 0.725857 0.396362 0.138205 0.254774 31
0 0.378757 0.171938 0.0381713 0.0662155 30
