0 0.0253915 0.687084 0.050783 0.325424 43
1 0.0959603 0.632579 0.0654344 0.214965 42
1 0.0650866 0.407605 0.0382935 0.1086 41
1 0.169788 0.55237 0.057111 0.187789 40
1 0.537822 0.165111 0.0284744 0.0527261 39
0 0.206783 0.354205 0.0955064 0.137036 35
0 0.179416 0.276976 0.0687026 0.109918 33
1 0.841285 0.882551 0.0926544 0.234897 32
0 0.619771 0.209715 0.0496022 0.112756 31
0 0.327937 0.293032 0.0747666 0.117062 30
1 0.791738 0.45436 0.0379936 0.107474 29
0 0.29158 0.206779 0.0591185 0.0929482 24
0 0.36214 0.193836 0.0509194 0.0852083 21
0 0.383999 0.145236 0.0330358 0.0699798 13
