0 0.0274818 0.64092 0.0549637 0.261724 43
1 0.103427 0.615405 0.0655072 0.215382 42
1 0.0705501 0.401511 0.037719 0.107643 41
1 0.17564 0.537382 0.055092 0.181938 40
1 0.537696 0.165175 0.0280176 0.0524376 39
0 0.209421 0.350207 0.0963814 0.133065 35
0 0.182046 0.272121 0.0681045 0.114253 33
1 0.859594 0.90527 0.0935989 0.182911 32
0 0.619713 0.210171 0.0491304 0.113751 31
0 0.329829 0.289895 0.0733762 0.115338 30
1 0.79551 0.452896 0.0402128 0.122884 29
0 0.291853 0.20646 0.0572872 0.0900113 24
0 0.362655 0.192385 0.0508739 0.0848782 21
0 0.384694 0.143986 0.0318467 0.0705549 13
