0 0.0503178 0.859836 0.100636 0.277616 49
1 0.491482 0.169366 0.0135416 0.0553103 48
1 0.0459126 0.445063 0.0377678 0.111004 47
1 0.515946 0.205214 0.020155 0.0714722 46
1 0.142775 0.455185 0.0436632 0.134797 45
0 0.113605 0.406572 0.105582 0.155701 43
1 0.234488 0.346297 0.0364573 0.12982 42
1 0.280351 0.319094 0.0329465 0.10708 40
0 0.264391 0.260336 0.0722896 0.1034 35
0 0.229369 0.219132 0.0509361 0.0830538 33
0 0.632299 0.239598 0.06101 0.141559 31
0 0.356507 0.224446 0.0531397 0.0875482 30
1 0.927436 0.691306 0.0589809 0.152136 29
0 0.315029 0.175437 0.044363 0.0708401 24
0 0.376958 0.16272 0.0401394 0.075187 21
