1 0.505661 0.179679 0.015873 0.0593885 46
1 0.0860046 0.573274 0.0538884 0.161155 45
0 0.0676852 0.482812 0.121155 0.186313 43
1 0.191291 0.427886 0.0438446 0.158347 42
1 0.133374 0.316648 0.0314648 0.0916357 41
1 0.246381 0.386506 0.0379239 0.12995 40
1 0.53277 0.164294 0.0242901 0.0525383 39
0 0.244253 0.292278 0.0791111 0.11485 35
0 0.212167 0.233084 0.0563723 0.103644 33
0 0.625339 0.222296 0.0502869 0.131814 31
0 0.347792 0.247452 0.0607881 0.0951217 30
1 0.864128 0.578266 0.0463512 0.127303 29
0 0.306135 0.184946 0.0518288 0.0762732 24
0 0.370503 0.177381 0.0444875 0.0765123 21
