0 0.0208167 0.67042 0.0415936 0.260223 43
1 0.0827256 0.670005 0.0685205 0.221717 42
1 0.0563783 0.424711 0.0398176 0.10992 41
1 0.157416 0.587156 0.0586191 0.188566 40
1 0.538845 0.166111 0.0273254 0.051495 39
0 0.201136 0.364931 0.0997222 0.138074 35
0 0.17575 0.287967 0.0746426 0.107418 33
1 0.806726 0.795694 0.086208 0.228851 32
0 0.619891 0.208402 0.0503225 0.111926 31
0 0.325398 0.299715 0.0764149 0.123189 30
1 0.783838 0.440317 0.0375834 0.10873 29
0 0.288961 0.208449 0.0583842 0.0953069 24
0 0.36111 0.195938 0.051637 0.0835382 21
0 0.383308 0.145095 0.0347034 0.0714488 13
