0 0.0494684 0.834147 0.0989368 0.306614 35
0 0.0231606 0.580588 0.0460876 0.207809 33
1 0.532731 0.187301 0.0160784 0.063867 32
0 0.636408 0.183043 0.049758 0.0968274 31
0 0.169876 0.784569 0.191567 0.384092 30
1 0.658491 0.271481 0.0211067 0.0748076 29
1 0.50757 0.213651 0.0187868 0.077019 28
1 0.102864 0.359603 0.0322886 0.0958183 27
1 0.586726 0.373712 0.0359298 0.126265 26
0 0.218094 0.312659 0.0926181 0.129068 24
0 0.317904 0.281888 0.0800174 0.121275 21
0 0.303641 0.181764 0.0553763 0.0932523 17
0 0.363943 0.186121 0.0473813 0.0822666 13
