1 0.100274 0.699108 0.0609681 0.224033 36
0 0.0462357 0.756426 0.0924351 0.357902 35
0 0.0353312 0.523961 0.0705346 0.178733 33
1 0.541719 0.202213 0.0177067 0.0689655 32
0 0.633706 0.185115 0.0501206 0.0981917 31
0 0.198189 0.679539 0.171534 0.317231 30
1 0.668869 0.280464 0.0221203 0.0783985 29
1 0.515889 0.242106 0.02073 0.0851492 28
1 0.119843 0.332665 0.0312387 0.0977554 27
1 0.624818 0.482359 0.0518164 0.154129 26
0 0.230046 0.295035 0.0873941 0.121198 24
0 0.325073 0.267591 0.0761695 0.115356 21
0 0.308 0.176632 0.0551064 0.0932254 17
0 0.367185 0.173115 0.0441027 0.0927087 13
