0 0.117145 0.645896 0.162521 0.276218 49
1 0.496955 0.196587 0.016589 0.073532 48
1 0.534837 0.258734 0.0240341 0.0870574 46
1 0.192544 0.369355 0.0361146 0.105715 45
0 0.154612 0.344157 0.0939312 0.130369 43
1 0.267351 0.289482 0.0288507 0.104576 42
1 0.306119 0.268178 0.0264929 0.0973102 40
0 0.286614 0.229671 0.0583887 0.0873136 35
0 0.247267 0.198777 0.0476714 0.081994 33
0 0.646535 0.266684 0.0793072 0.158072 31
0 0.364978 0.201819 0.0478949 0.0850132 30
1 0.985126 0.857213 0.0297483 0.184141 29
0 0.324458 0.163371 0.0432682 0.0655464 24
0 0.38213 0.154034 0.0347792 0.0696854 21
