1 0.0118688 0.554351 0.0237375 0.165723 51
1 0.47324 0.163088 0.013921 0.0564177 50
0 0.181624 0.495813 0.135788 0.209035 49
1 0.501822 0.232405 0.020306 0.0816575 48
1 0.560372 0.315611 0.0315556 0.115363 46
1 0.219176 0.318613 0.0321776 0.105224 45
0 0.171935 0.307147 0.0782166 0.124428 43
1 0.286496 0.265055 0.0255701 0.0849709 42
1 0.319463 0.243946 0.0237316 0.0858426 40
0 0.294004 0.213434 0.0499198 0.0866236 35
0 0.662821 0.29047 0.0932471 0.183005 31
0 0.369351 0.19154 0.044305 0.0768199 30
0 0.38506 0.144177 0.0346315 0.0740767 21
