1 0.471819 0.157789 0.0130337 0.0570548 50
0 0.164192 0.536113 0.144226 0.224426 49
1 0.500503 0.221202 0.0183461 0.073219 48
1 0.551542 0.29387 0.0274071 0.108424 46
1 0.210834 0.330193 0.0337808 0.110199 45
0 0.164708 0.315504 0.0813235 0.128659 43
1 0.28003 0.268623 0.0262736 0.0932539 42
1 0.31655 0.25083 0.025848 0.0905463 40
0 0.292643 0.218012 0.0546934 0.0892899 35
0 0.656998 0.283217 0.0877851 0.175146 31
0 0.368446 0.193674 0.0449803 0.0813916 30
0 0.384264 0.145796 0.0360835 0.0743875 21
