0 0.503217 0.109466 0.0366587 0.078489 52
1 0.0196357 0.504128 0.0392713 0.122097 51
1 0.474327 0.167974 0.0143873 0.0611791 50
0 0.197977 0.463922 0.128284 0.194059 49
1 0.503486 0.245978 0.0217722 0.0873846 48
1 0.571834 0.343236 0.0346553 0.120478 46
1 0.22579 0.307097 0.0315504 0.102748 45
0 0.179179 0.300271 0.0771061 0.118619 43
1 0.323297 0.23847 0.0254636 0.0838545 40
0 0.294373 0.210834 0.0486491 0.0845197 35
0 0.668712 0.30009 0.0978398 0.18786 31
0 0.370549 0.189983 0.0429224 0.0752932 30
0 0.385749 0.143599 0.0334473 0.0736021 21
