1 0.0501523 0.886467 0.0950602 0.216997 40
1 0.544428 0.167966 0.0243746 0.0509727 39
1 0.26946 0.302576 0.0292467 0.100332 36
0 0.155138 0.447355 0.120287 0.170624 35
0 0.134882 0.341326 0.0879908 0.117113 33
1 0.641524 0.409204 0.0397103 0.129354 32
0 0.624738 0.200531 0.054818 0.100277 31
0 0.30129 0.357137 0.0949283 0.176656 30
1 0.7368 0.37289 0.0312726 0.0924341 29
1 0.673833 0.8584 0.087817 0.265734 28
0 0.273414 0.230557 0.0656415 0.0970074 24
0 0.351944 0.212054 0.0578756 0.0926164 21
0 0.323381 0.1563 0.0390069 0.0788006 17
0 0.379997 0.150917 0.0358719 0.0819962 13
