1 0.0423294 0.919016 0.0844555 0.1606 40
1 0.545236 0.167483 0.0235864 0.0518914 39
1 0.26222 0.314707 0.0335341 0.102739 36
0 0.146749 0.459706 0.123312 0.181647 35
0 0.126867 0.348042 0.0884717 0.129054 33
1 0.627852 0.376323 0.0352736 0.123492 32
0 0.624685 0.199961 0.0537878 0.100269 31
0 0.295641 0.374669 0.0987474 0.172683 30
1 0.730186 0.36452 0.0286322 0.0907022 29
1 0.64214 0.747249 0.0734927 0.264684 28
0 0.270868 0.233649 0.0669345 0.0983573 24
0 0.350872 0.214766 0.0592236 0.0943991 21
0 0.323762 0.157804 0.0423034 0.0772001 17
0 0.379274 0.151936 0.0366463 0.0836601 13
