1 0.471577 0.156241 0.0128174 0.0567056 50
0 0.15726 0.546473 0.145886 0.239782 49
1 0.500072 0.218497 0.0184113 0.0718653 48
1 0.549032 0.288756 0.0276466 0.103878 46
1 0.209355 0.333492 0.0340885 0.110797 45
0 0.162663 0.319059 0.0834304 0.130753 43
1 0.277793 0.269947 0.0272989 0.09708 42
1 0.315055 0.251589 0.0266427 0.0922233 40
0 0.290201 0.218595 0.0523378 0.0886699 35
0 0.65604 0.279788 0.0870768 0.172043 31
0 0.367981 0.194896 0.0445366 0.0803985 30
0 0.383743 0.14589 0.0361562 0.07526 21
