1 0.507714 0.187048 0.0158773 0.0621184 46
1 0.100713 0.539141 0.0513366 0.153845 45
0 0.080108 0.463748 0.120028 0.177888 43
1 0.203256 0.403852 0.040956 0.149798 42
1 0.142673 0.305753 0.0280308 0.0889353 41
1 0.256194 0.364692 0.0365916 0.128562 40
1 0.532263 0.16421 0.0229573 0.0524764 39
0 0.250094 0.283406 0.0772016 0.113253 35
0 0.218757 0.227086 0.0590963 0.100372 33
0 0.62684 0.227162 0.0510103 0.133153 31
0 0.349923 0.24064 0.0580523 0.0918652 30
1 0.879412 0.605166 0.0503002 0.130966 29
0 0.309458 0.182984 0.0518039 0.0742463 24
0 0.373157 0.171389 0.0427971 0.0738777 21
