0 0.0464396 0.832315 0.0928791 0.323276 35
0 0.0258165 0.569539 0.0516331 0.20359 33
1 0.534241 0.189899 0.0170994 0.0674172 32
0 0.635776 0.183285 0.0500013 0.0970323 31
0 0.176421 0.758244 0.185452 0.368844 30
1 0.660209 0.273343 0.020187 0.0742119 29
1 0.508571 0.220459 0.0205353 0.0737819 28
1 0.106566 0.354865 0.0324537 0.095588 27
1 0.593913 0.39251 0.040045 0.129271 26
0 0.220826 0.307803 0.0921703 0.129397 24
0 0.319789 0.278414 0.0801743 0.120289 21
0 0.30431 0.180688 0.0545911 0.0911452 17
0 0.364531 0.179493 0.0477829 0.0892436 13
