0 0.0414869 0.613265 0.082884 0.222392 56
1 0.0743931 0.38659 0.0306813 0.0934982 54
1 0.104371 0.376133 0.0329257 0.103502 53
0 0.514657 0.120778 0.0474108 0.0855149 52
1 0.499941 0.267558 0.0240111 0.0978096 50
0 0.288763 0.295461 0.0762901 0.117811 49
1 0.580305 0.63126 0.0645546 0.201144 48
1 0.827699 0.919768 0.0960407 0.15813 46
0 0.231494 0.239193 0.0645261 0.0952842 43
1 0.348063 0.197325 0.018259 0.0675475 40
0 0.317709 0.180782 0.0402822 0.0732731 35
0 0.749956 0.434463 0.154698 0.292946 31
0 0.380057 0.166827 0.0381384 0.06619 30
