1 0.490165 0.16254 0.0136631 0.0564237 48
1 0.0299947 0.469413 0.0378803 0.116253 47
1 0.513127 0.197552 0.0179819 0.0724896 46
1 0.130011 0.483879 0.0450318 0.135095 45
0 0.102475 0.423065 0.111705 0.162937 43
1 0.224556 0.364904 0.0371252 0.135644 42
1 0.272714 0.332123 0.0338038 0.112054 40
0 0.259874 0.266708 0.0750112 0.10674 35
0 0.224258 0.223724 0.0453959 0.0848859 33
0 0.630698 0.235735 0.0582697 0.139482 31
0 0.354516 0.230209 0.0540836 0.0890538 30
1 0.909903 0.66301 0.0526848 0.146025 29
0 0.313313 0.176731 0.0475219 0.0751296 24
0 0.376472 0.162189 0.0412002 0.081661 21
