1 0.0172684 0.497335 0.0343409 0.115984 47
1 0.510559 0.19125 0.017437 0.0679601 46
1 0.116166 0.508654 0.0481062 0.148716 45
0 0.0922672 0.441507 0.113325 0.167168 43
1 0.214654 0.38853 0.0393232 0.141547 42
1 0.151909 0.293217 0.0263391 0.0890341 41
1 0.264967 0.347617 0.0360255 0.120929 40
1 0.531216 0.163637 0.0220392 0.052474 39
0 0.255343 0.275373 0.0750797 0.106744 35
0 0.223167 0.223309 0.0540593 0.0978007 33
0 0.628855 0.232173 0.0538295 0.13584 31
0 0.352101 0.234812 0.0555613 0.0889714 30
1 0.895012 0.636449 0.053434 0.131791 29
0 0.311421 0.180822 0.0502563 0.0741243 24
0 0.373737 0.16914 0.0425396 0.0740208 21
