1 0.472259 0.159641 0.0135784 0.0564592 50
0 0.16932 0.51844 0.141076 0.222313 49
1 0.500709 0.225437 0.0188887 0.0779429 48
1 0.553945 0.303724 0.0277727 0.105143 46
1 0.214229 0.325828 0.0321784 0.110291 45
0 0.168812 0.312856 0.0834336 0.122144 43
1 0.28309 0.270678 0.0223753 0.0868788 42
1 0.317816 0.249366 0.023834 0.0877346 40
0 0.293453 0.215918 0.0558656 0.0876478 35
0 0.658875 0.285076 0.0886513 0.174903 31
0 0.368888 0.19304 0.0449819 0.0803169 30
0 0.384316 0.145134 0.0356622 0.0749421 21
