1 0.0392612 0.441023 0.0366809 0.109294 54
1 0.0744592 0.428083 0.0333113 0.10582 53
0 0.511939 0.117918 0.0450601 0.0822599 52
1 0.103056 0.362552 0.0330178 0.0967906 51
1 0.489559 0.228468 0.0201982 0.0793493 50
0 0.270333 0.334182 0.0903114 0.123909 49
1 0.535847 0.426532 0.0393084 0.148061 48
1 0.708516 0.673653 0.0725792 0.21498 46
0 0.218305 0.253663 0.0680037 0.102919 43
1 0.342476 0.209854 0.0190826 0.0709284 40
0 0.313016 0.190881 0.0450723 0.0790443 35
0 0.71934 0.382196 0.134742 0.250138 31
0 0.378263 0.172732 0.0386885 0.0679323 30
