0 0.0314785 0.664784 0.062957 0.238069 56
1 0.0567593 0.413121 0.0345478 0.0990802 54
1 0.0898213 0.401147 0.0330965 0.10624 53
0 0.51319 0.119285 0.0450012 0.0854365 52
1 0.116751 0.337683 0.0314288 0.100738 51
1 0.494961 0.244476 0.0229838 0.0889299 50
0 0.27978 0.314699 0.083285 0.120213 49
1 0.553979 0.511842 0.0471658 0.167222 48
1 0.76367 0.810619 0.0862898 0.240064 46
0 0.224941 0.247848 0.0664462 0.0995162 43
1 0.344988 0.203234 0.0193433 0.0697063 40
0 0.314846 0.186986 0.0422876 0.0782972 35
0 0.733167 0.408174 0.142677 0.265118 31
0 0.379357 0.170697 0.0384527 0.0668389 30
