1 0.0207164 0.485771 0.0404197 0.121228 47
1 0.511438 0.193616 0.0171869 0.0700837 46
1 0.120549 0.499477 0.0482186 0.14208 45
0 0.0962389 0.434929 0.112624 0.167124 43
1 0.217557 0.379354 0.039173 0.137262 42
1 0.154801 0.291095 0.0268367 0.0899921 41
1 0.267534 0.343971 0.0346804 0.119618 40
0 0.257218 0.271514 0.0728952 0.104077 35
0 0.223825 0.224401 0.0520578 0.0907112 33
0 0.629751 0.233296 0.0552735 0.136855 31
0 0.353026 0.233882 0.0552292 0.0884516 30
1 0.900397 0.648126 0.0547642 0.127294 29
0 0.312206 0.17957 0.0490402 0.0746591 24
0 0.374679 0.166832 0.0430215 0.0752713 21
