0 0.0310688 0.616528 0.0621376 0.224845 43
1 0.108921 0.601243 0.0635898 0.208967 42
1 0.0738991 0.39831 0.0372765 0.102545 41
1 0.18154 0.525449 0.0525729 0.175347 40
1 0.537392 0.165505 0.0278015 0.0518373 39
0 0.211618 0.346167 0.0937936 0.131454 35
0 0.18578 0.272448 0.0689975 0.111094 33
1 0.87893 0.930726 0.0975574 0.13758 32
0 0.619768 0.211095 0.0489318 0.115291 31
0 0.331351 0.286403 0.0722413 0.113631 30
1 0.799408 0.458072 0.0402743 0.127552 29
0 0.294368 0.205324 0.0591046 0.0849464 24
0 0.362964 0.190625 0.0500546 0.0823956 21
0 0.385199 0.142659 0.0312356 0.0720424 13
