0 0.0438009 0.878415 0.0876018 0.237837 49
1 0.49065 0.164745 0.0135538 0.0563039 48
1 0.035829 0.45788 0.0389289 0.116935 47
1 0.51414 0.200729 0.0192566 0.0700467 46
1 0.134298 0.475026 0.0435657 0.135494 45
0 0.106747 0.419196 0.109188 0.15754 43
1 0.227765 0.361429 0.0367681 0.137543 42
1 0.16336 0.278522 0.0265193 0.0856748 41
1 0.274923 0.329099 0.0330948 0.109375 40
0 0.261255 0.265233 0.0736845 0.107596 35
0 0.226665 0.222199 0.0474908 0.0860661 33
0 0.63136 0.236878 0.059127 0.139356 31
0 0.354943 0.22865 0.054037 0.0866019 30
1 0.914393 0.668813 0.0536293 0.152215 29
0 0.314082 0.17604 0.0471079 0.0753971 24
0 0.376408 0.16228 0.0404193 0.0800533 21
