1 0.0499232 0.749513 0.080651 0.232178 42
1 0.0384804 0.455895 0.0384779 0.106489 41
1 0.130854 0.657235 0.0658164 0.203463 40
1 0.540063 0.16646 0.0274369 0.0507508 39
1 0.299509 0.2499 0.0227966 0.0832183 36
0 0.18959 0.383489 0.104156 0.145329 35
0 0.164232 0.299484 0.0760135 0.110508 33
1 0.742533 0.635472 0.0698349 0.200848 32
0 0.620929 0.205629 0.0508923 0.109009 31
0 0.318556 0.315977 0.0790692 0.127854 30
1 0.770849 0.413065 0.0402433 0.116691 29
0 0.28528 0.212224 0.0597537 0.0892946 24
0 0.358775 0.200208 0.0533108 0.0846065 21
0 0.381952 0.148227 0.0345683 0.0689992 13
