1 0.0320218 0.839194 0.0640436 0.223407 42
1 0.0201923 0.486632 0.0397377 0.115053 41
1 0.102285 0.744786 0.0744953 0.217361 40
1 0.543453 0.167504 0.0243425 0.0522597 39
1 0.289717 0.265784 0.0255944 0.0963492 36
0 0.176629 0.406404 0.109583 0.156113 35
0 0.152416 0.313895 0.0799528 0.11823 33
1 0.692883 0.522426 0.0541874 0.169865 32
0 0.622189 0.204108 0.0526241 0.106288 31
0 0.312157 0.335809 0.0856133 0.139617 30
1 0.756217 0.3963 0.0349701 0.106281 29
0 0.281655 0.219576 0.0629621 0.0904664 24
0 0.356361 0.20657 0.0567227 0.0889693 21
0 0.381705 0.14956 0.0352763 0.0736124 13
