1 0.0162751 0.532409 0.0325501 0.150632 53
0 0.506171 0.111533 0.0399456 0.0772433 52
1 0.0476459 0.448261 0.041519 0.114058 51
1 0.477608 0.184937 0.0157068 0.062581 50
0 0.224452 0.415708 0.111647 0.161962 49
1 0.508092 0.280459 0.0250406 0.102162 48
1 0.598996 0.41029 0.0441267 0.137324 46
1 0.239688 0.286197 0.0284006 0.101199 45
0 0.193073 0.284445 0.0735138 0.112358 43
1 0.329934 0.229656 0.0229104 0.0785552 40
0 0.30246 0.203479 0.0480509 0.0881576 35
0 0.681008 0.322946 0.108822 0.197585 31
0 0.373285 0.183243 0.0416241 0.0741963 30
