1 0.013 0.606631 0.0259999 0.197955 33
1 0.527679 0.177548 0.0160612 0.0571553 32
0 0.63789 0.182175 0.0487703 0.0956904 31
0 0.144618 0.837588 0.201462 0.32027 30
1 0.65188 0.263606 0.0223383 0.0702142 29
1 0.502651 0.199171 0.0171824 0.0694577 28
1 0.0875666 0.378167 0.0354299 0.10431 27
1 0.565446 0.320407 0.0296782 0.109729 26
0 0.207135 0.329866 0.096601 0.137017 24
0 0.311789 0.293752 0.0836704 0.130384 21
0 0.299837 0.188835 0.0575082 0.093505 17
0 0.36219 0.189548 0.0488056 0.0829535 13
