0 0.0332134 0.600848 0.0664268 0.211278 43
1 0.116742 0.584853 0.060423 0.205479 42
1 0.0780436 0.392803 0.036499 0.101342 41
1 0.187178 0.514561 0.0516026 0.172069 40
1 0.536926 0.165424 0.0279133 0.051944 39
0 0.214765 0.345012 0.0933353 0.133548 35
0 0.187588 0.26944 0.0703777 0.107366 33
0 0.61989 0.211672 0.0488636 0.116515 31
0 0.332157 0.282713 0.0716785 0.115182 30
1 0.803883 0.473578 0.0414562 0.111331 29
0 0.295707 0.204036 0.0600622 0.0852808 24
0 0.363346 0.189291 0.049953 0.0825059 21
0 0.38559 0.141561 0.0308128 0.0728722 13
