1 0.171503 0.511654 0.0488246 0.183857 36
0 0.0696181 0.634208 0.139236 0.288728 35
0 0.0558495 0.452675 0.103519 0.15875 33
1 0.559601 0.235807 0.0216331 0.0823936 32
0 0.630615 0.18884 0.0539688 0.09949 31
0 0.23635 0.546098 0.147147 0.247271 30
1 0.686671 0.304251 0.025714 0.0833791 29
1 0.533018 0.306402 0.0268187 0.115646 28
1 0.732946 0.805737 0.090558 0.250503 26
0 0.24508 0.2713 0.0791259 0.108575 24
0 0.334968 0.245448 0.0680452 0.105286 21
0 0.314401 0.171638 0.0494778 0.0831886 17
0 0.370891 0.162878 0.0433925 0.0958089 13
