1 0.061741 0.86495 0.0820876 0.236 40
1 0.544516 0.167918 0.0242104 0.0511952 39
1 0.273305 0.296123 0.0298147 0.101141 36
0 0.158259 0.440361 0.118019 0.171527 35
0 0.137568 0.337023 0.0863672 0.117466 33
1 0.64945 0.423321 0.0437899 0.136568 32
0 0.624248 0.200703 0.0544929 0.101205 31
0 0.302257 0.351992 0.0943986 0.170213 30
1 0.740462 0.378091 0.032286 0.0945229 29
1 0.702188 0.89153 0.118299 0.20775 28
0 0.274655 0.226974 0.065477 0.0963738 24
0 0.352231 0.211411 0.0578568 0.0899924 21
0 0.324425 0.155992 0.0402009 0.0784929 17
0 0.380418 0.150548 0.0354012 0.0799866 13
