1 0.0218747 0.752266 0.0437494 0.203679 45
0 0.0355667 0.587078 0.0711335 0.20394 43
1 0.122845 0.57037 0.0594376 0.201078 42
1 0.0825968 0.382213 0.033941 0.106328 41
1 0.19226 0.502167 0.0493894 0.171558 40
1 0.536686 0.165163 0.0277164 0.0519934 39
0 0.217104 0.340416 0.0921724 0.130193 35
0 0.189498 0.266619 0.0707183 0.104012 33
0 0.620192 0.212066 0.04928 0.118846 31
0 0.333519 0.280276 0.0710772 0.111743 30
1 0.808888 0.478151 0.0438438 0.115001 29
0 0.296663 0.202144 0.060971 0.083501 24
0 0.364056 0.188258 0.049385 0.0819437 21
0 0.334801 0.14285 0.0374196 0.0779758 17
0 0.385671 0.141241 0.0306327 0.0725436 13
