1 0.206463 0.429987 0.0420911 0.1411 36
0 0.0918991 0.573617 0.141873 0.247087 35
0 0.0784585 0.411094 0.0970701 0.154783 33
1 0.574799 0.268994 0.0242327 0.0820253 32
0 0.629311 0.190747 0.0550594 0.0998901 31
0 0.259777 0.484642 0.125749 0.210757 30
1 0.698399 0.320574 0.0274788 0.0814133 29
1 0.550602 0.376093 0.031401 0.137887 28
0 0.253291 0.258875 0.0746859 0.102465 24
0 0.341258 0.235617 0.0663643 0.100192 21
0 0.317571 0.167124 0.0463953 0.0839587 17
0 0.373009 0.164088 0.0420835 0.0836036 13
