1 0.0346964 0.807702 0.0692025 0.248672 42
1 0.0238258 0.478934 0.0411278 0.115262 41
1 0.10939 0.721274 0.0727014 0.215494 40
1 0.542796 0.167477 0.0252328 0.0520363 39
1 0.291984 0.262018 0.0230472 0.0942616 36
0 0.180036 0.40076 0.108022 0.154138 35
0 0.15523 0.309226 0.0774041 0.113961 33
1 0.703963 0.549882 0.0602055 0.175145 32
0 0.621635 0.204756 0.051819 0.105686 31
0 0.314133 0.330578 0.0828401 0.134646 30
1 0.759716 0.399538 0.0349406 0.108226 29
0 0.282371 0.217749 0.0615935 0.0890505 24
0 0.357178 0.20517 0.0564463 0.088447 21
0 0.381812 0.149447 0.0352566 0.072578 13
