1 0.502341 0.168451 0.0145086 0.0540316 46
1 0.0459909 0.663525 0.0616433 0.182397 45
0 0.0504446 0.547852 0.100889 0.213196 43
1 0.157892 0.495486 0.0520775 0.180639 42
1 0.107115 0.351986 0.0311542 0.0985689 41
1 0.219809 0.441042 0.0445828 0.144892 40
1 0.535265 0.165128 0.0270386 0.0526108 39
0 0.229669 0.31709 0.0865739 0.123979 35
0 0.201467 0.256069 0.0625874 0.0901604 33
0 0.621826 0.216788 0.0487123 0.125163 31
0 0.340425 0.263564 0.0653906 0.101467 30
1 0.832434 0.516677 0.0426117 0.129769 29
0 0.302929 0.1915 0.0586969 0.0822689 24
0 0.367502 0.183167 0.0468136 0.0785988 21
