1 0.210977 0.418389 0.0386291 0.142056 36
0 0.0972431 0.563516 0.13892 0.234072 35
0 0.0836526 0.405586 0.0989177 0.150217 33
1 0.57755 0.277497 0.025296 0.0807977 32
0 0.629125 0.190846 0.0552326 0.0992986 31
0 0.263189 0.473484 0.124455 0.205967 30
1 0.701624 0.323044 0.0275733 0.0851483 29
1 0.554553 0.392978 0.0331934 0.141378 28
0 0.255499 0.257306 0.0742338 0.101799 24
0 0.341941 0.233109 0.06606 0.101115 21
0 0.317864 0.165596 0.0462031 0.0857914 17
0 0.373362 0.163848 0.0417735 0.0820175 13
