1 0.0311442 0.708439 0.061949 0.196188 45
0 0.0434764 0.568274 0.0869528 0.220713 43
1 0.141509 0.529696 0.0548047 0.188552 42
1 0.0961549 0.364874 0.034788 0.103707 41
1 0.207135 0.466475 0.0472538 0.162825 40
1 0.535587 0.165267 0.0286299 0.0523439 39
0 0.223297 0.327586 0.0891759 0.130521 35
0 0.195438 0.258602 0.0648503 0.09985 33
0 0.620957 0.215717 0.0484835 0.120436 31
0 0.33686 0.274266 0.0680588 0.105629 30
1 0.821101 0.496795 0.0437143 0.120248 29
0 0.300929 0.197217 0.0614944 0.0829243 24
0 0.366195 0.186537 0.0474367 0.0808833 21
0 0.386134 0.139886 0.0312193 0.0713197 13
