1 0.505011 0.178846 0.015244 0.0567939 46
1 0.0805589 0.584514 0.0545373 0.164818 45
0 0.0640271 0.494547 0.122728 0.191423 43
1 0.187439 0.436435 0.0447682 0.161976 42
1 0.128708 0.318763 0.0298683 0.0959787 41
1 0.243151 0.391996 0.0404296 0.136414 40
1 0.533519 0.165016 0.0232513 0.0525057 39
0 0.242346 0.294722 0.0791445 0.116884 35
0 0.210798 0.236926 0.0575553 0.0997114 33
0 0.624677 0.222082 0.0490332 0.12853 31
0 0.34657 0.249686 0.0614557 0.0962907 30
1 0.859806 0.570831 0.0476734 0.127284 29
0 0.305558 0.185664 0.0522167 0.0782545 24
0 0.370165 0.178984 0.0449566 0.0760636 21
