1 0.504151 0.176154 0.0154821 0.0554579 46
1 0.0688112 0.608973 0.0590533 0.169922 45
0 0.0585749 0.510583 0.11715 0.19824 43
1 0.177603 0.453911 0.0455143 0.16872 42
1 0.121777 0.328045 0.0308537 0.0949806 41
1 0.235566 0.406495 0.0411954 0.140626 40
1 0.53427 0.16502 0.0258291 0.0527576 39
0 0.238794 0.30218 0.0817877 0.123355 35
0 0.207703 0.244299 0.0589927 0.0956707 33
0 0.623663 0.220094 0.0485264 0.128119 31
0 0.344998 0.253967 0.062673 0.0961839 30
1 0.850091 0.553203 0.0456425 0.123139 29
0 0.303901 0.186947 0.0517602 0.0811977 24
0 0.368822 0.179954 0.045854 0.0759265 21
