1 0.545669 0.167415 0.0230478 0.0521177 39
1 0.258984 0.321993 0.0319053 0.11078 36
0 0.143069 0.468961 0.122886 0.18622 35
0 0.123724 0.353553 0.0901143 0.124561 33
1 0.621707 0.365405 0.0345098 0.117435 32
0 0.624947 0.198842 0.0541969 0.0993729 31
0 0.293031 0.384879 0.100572 0.166651 30
1 0.728186 0.358969 0.0298969 0.0938967 29
1 0.632389 0.699506 0.0663983 0.246915 28
0 0.269456 0.235362 0.0674351 0.10129 24
0 0.349502 0.216149 0.0591104 0.0935524 21
0 0.32208 0.158394 0.0400022 0.0771802 17
0 0.378815 0.152935 0.0372812 0.0838502 13
