0 0.0284374 0.679306 0.0568749 0.252734 56
1 0.0516044 0.421994 0.0326504 0.0990417 54
1 0.0868215 0.408219 0.0327428 0.104169 53
0 0.512772 0.118545 0.0450421 0.0848808 52
1 0.113194 0.344379 0.031627 0.096774 51
1 0.493537 0.240585 0.0231683 0.0866648 50
0 0.277666 0.319035 0.0841679 0.12056 49
1 0.54855 0.489477 0.0458211 0.157788 48
1 0.750294 0.772986 0.083444 0.229254 46
0 0.223714 0.248644 0.065853 0.098838 43
1 0.344216 0.20523 0.0196008 0.0700645 40
0 0.313757 0.187269 0.0415336 0.0777481 35
0 0.72958 0.401678 0.141321 0.258182 31
0 0.379104 0.171543 0.0385159 0.0672681 30
