1 0.0598475 0.727223 0.0739591 0.227609 42
1 0.0431262 0.448915 0.0398198 0.108672 41
1 0.137911 0.639857 0.0651193 0.202463 40
1 0.540454 0.166289 0.0269043 0.05229 39
0 0.192718 0.378887 0.102109 0.143559 35
0 0.16664 0.296219 0.07679 0.111389 33
1 0.757098 0.674513 0.0721405 0.202706 32
0 0.620098 0.206455 0.0500834 0.1103 31
0 0.320871 0.312093 0.078743 0.129806 30
1 0.77397 0.41958 0.0398918 0.113459 29
0 0.286547 0.211473 0.0588213 0.0915304 24
0 0.359388 0.198373 0.0524173 0.0835789 21
0 0.382415 0.146917 0.0343472 0.0706418 13
