1 0.0143229 0.531219 0.0285858 0.126483 51
1 0.473777 0.164568 0.0142004 0.0578041 50
0 0.187103 0.484231 0.132968 0.207765 49
1 0.502142 0.235938 0.0210024 0.0823111 48
1 0.563456 0.323503 0.0303093 0.119611 46
1 0.221694 0.313943 0.0316833 0.102953 45
0 0.173297 0.304103 0.0756304 0.125317 43
1 0.288098 0.262459 0.0245637 0.0806947 42
1 0.320192 0.24082 0.0242606 0.0859636 40
0 0.292985 0.21269 0.0481519 0.0873615 35
0 0.664682 0.295212 0.0943489 0.185449 31
0 0.369695 0.191106 0.0438215 0.0754877 30
0 0.38516 0.144388 0.0333767 0.0742141 21
