1 0.0137927 0.554961 0.0275408 0.146603 53
0 0.505534 0.111311 0.0395327 0.0775425 52
1 0.0426092 0.454574 0.0428834 0.119518 51
1 0.477182 0.18105 0.0151621 0.0625955 50
0 0.220762 0.42202 0.114048 0.167114 49
1 0.507008 0.273496 0.0255489 0.0998201 48
1 0.593845 0.396894 0.0417418 0.134375 46
1 0.237463 0.288357 0.0293974 0.103825 45
0 0.191249 0.286101 0.0759299 0.112827 43
1 0.328859 0.23081 0.0231217 0.0805358 40
0 0.302186 0.203522 0.0497139 0.0874884 35
0 0.678629 0.318425 0.106276 0.195282 31
0 0.37266 0.184381 0.0426825 0.0742207 30
