1 0.0267491 0.462563 0.035723 0.102362 54
1 0.0642012 0.440438 0.0375216 0.11056 53
0 0.511121 0.117444 0.0459764 0.0792621 52
1 0.0958157 0.371093 0.0358341 0.10525 51
1 0.487814 0.220697 0.0190296 0.0724451 50
0 0.264943 0.343383 0.0920145 0.135601 49
1 0.528932 0.393015 0.035013 0.136478 48
1 0.686316 0.616641 0.0652653 0.201429 46
0 0.214536 0.258545 0.0701873 0.103435 43
1 0.339689 0.214736 0.0224173 0.0725872 40
0 0.312958 0.193556 0.0488529 0.0795139 35
0 0.711852 0.370017 0.129424 0.242162 31
0 0.377718 0.174371 0.0391069 0.0693958 30
0 0.393567 0.135142 0.0317521 0.0634727 21
