0 0.0958836 0.699198 0.169737 0.304306 49
1 0.495569 0.189921 0.015832 0.0682971 48
1 0.530312 0.244448 0.0230979 0.0823052 46
1 0.18282 0.383886 0.0361647 0.113477 45
0 0.145206 0.355002 0.0930004 0.133755 43
1 0.261882 0.298228 0.0323775 0.111124 42
1 0.301842 0.277406 0.0283631 0.098514 40
0 0.282231 0.234193 0.0591547 0.089016 35
0 0.643087 0.261047 0.0747948 0.156529 31
0 0.363261 0.207652 0.0485035 0.0849843 30
1 0.976899 0.810093 0.0462017 0.180482 29
0 0.322715 0.16502 0.0438558 0.0690391 24
0 0.381869 0.15579 0.0368108 0.0713097 21
