1 0.546305 0.167246 0.0235844 0.0521631 39
1 0.247318 0.347949 0.0354096 0.124978 36
0 0.130032 0.493361 0.12854 0.197187 35
0 0.112474 0.369634 0.0924143 0.136374 33
1 0.606111 0.332928 0.0301258 0.106821 32
0 0.625348 0.196466 0.0537153 0.0989872 31
0 0.285569 0.409469 0.105607 0.172128 30
1 0.720294 0.345915 0.0298929 0.0911268 29
1 0.599025 0.568317 0.0492203 0.21855 28
0 0.265791 0.241786 0.0708145 0.100451 24
0 0.347596 0.22074 0.0605867 0.0979262 21
0 0.321618 0.159661 0.0425947 0.0800248 17
0 0.3766 0.156957 0.0387558 0.0840142 13
