1 0.0170512 0.484585 0.0337107 0.116096 54
1 0.0518644 0.462397 0.0359961 0.119606 53
0 0.509487 0.115488 0.0430181 0.0760234 52
1 0.0844348 0.389574 0.0362664 0.106834 51
1 0.483886 0.205546 0.0188417 0.0700102 50
0 0.255277 0.361894 0.0969237 0.137634 49
1 0.521398 0.352738 0.0323848 0.12431 48
1 0.655694 0.541053 0.0578318 0.180484 46
1 0.25426 0.264554 0.0264099 0.0877852 45
0 0.20918 0.266375 0.0722478 0.104407 43
1 0.338604 0.217997 0.0227748 0.0733782 40
0 0.309629 0.196911 0.0464416 0.0834885 35
0 0.70308 0.356992 0.121142 0.224934 31
0 0.376732 0.176459 0.0401674 0.0700923 30
