1 0.546473 0.167417 0.0226408 0.0519412 39
1 0.251039 0.336568 0.0336087 0.111032 36
0 0.134123 0.48411 0.12666 0.193637 35
0 0.116517 0.366224 0.0908242 0.131399 33
1 0.61139 0.340602 0.0319697 0.112036 32
0 0.625127 0.197124 0.0541674 0.0990082 31
0 0.287976 0.403097 0.104227 0.167018 30
1 0.723282 0.347466 0.0321043 0.093623 29
1 0.608569 0.606998 0.0561806 0.228465 28
0 0.266928 0.238346 0.0693266 0.0994103 24
0 0.347964 0.219515 0.0601834 0.0984305 21
0 0.322089 0.159644 0.0425711 0.0791013 17
0 0.377828 0.154782 0.0373944 0.0852986 13
