1 0.507723 0.187016 0.0159126 0.0620013 46
1 0.100697 0.53908 0.0514004 0.153749 45
0 0.0801089 0.463639 0.120063 0.177704 43
1 0.203273 0.403931 0.0409284 0.149665 42
1 0.142668 0.305817 0.0279046 0.0890539 41
1 0.256197 0.364701 0.036584 0.128622 40
1 0.532257 0.164206 0.0229874 0.0524044 39
0 0.250075 0.283433 0.0771982 0.113211 35
0 0.218807 0.227064 0.0591317 0.100445 33
0 0.626843 0.227101 0.050989 0.133199 31
0 0.349921 0.240632 0.0580484 0.0918396 30
1 0.879281 0.605338 0.0499762 0.130504 29
0 0.309449 0.182976 0.0517991 0.0742685 24
0 0.373203 0.171424 0.0428421 0.0737341 21
