1 0.228125 0.379748 0.0377573 0.123885 36
0 0.11201 0.531148 0.134955 0.218279 35
0 0.0971658 0.388504 0.0997494 0.144116 33
1 0.588332 0.296009 0.0268974 0.0956457 32
0 0.627524 0.192762 0.0544811 0.100619 31
0 0.273274 0.444702 0.116341 0.191246 30
1 0.70854 0.334137 0.0280746 0.0870925 29
1 0.570273 0.453509 0.0384914 0.161949 28
0 0.260436 0.250005 0.0723395 0.102582 24
0 0.343892 0.224772 0.0632173 0.10152 21
0 0.320729 0.16338 0.0451335 0.0842681 17
0 0.374776 0.159386 0.0409263 0.0862134 13
