1 0.0936573 0.726475 0.0618338 0.219275 36
0 0.043321 0.78711 0.086642 0.344482 35
0 0.0333964 0.533431 0.0667927 0.181484 33
1 0.540162 0.199583 0.0177929 0.0676864 32
0 0.634514 0.184702 0.0504895 0.0968333 31
0 0.192175 0.698861 0.175631 0.334545 30
1 0.667284 0.277946 0.0217882 0.0806851 29
1 0.513488 0.236286 0.0204991 0.0854713 28
1 0.116434 0.336914 0.0305206 0.0985918 27
1 0.615656 0.452578 0.0468006 0.155984 26
0 0.227747 0.298498 0.0874386 0.124375 24
0 0.323511 0.26963 0.0771027 0.11483 21
0 0.307242 0.17842 0.0534887 0.0920881 17
0 0.366567 0.172244 0.0449733 0.0966977 13
