0 0.106264 0.680938 0.173237 0.292372 49
1 0.496074 0.192538 0.0164013 0.069652 48
1 0.531278 0.248588 0.0234385 0.0830212 46
1 0.185769 0.379676 0.0346675 0.109665 45
0 0.148979 0.351335 0.0957507 0.131247 43
1 0.263316 0.295417 0.0303885 0.106749 42
1 0.303445 0.274509 0.0284092 0.0966878 40
0 0.284253 0.233198 0.058126 0.0851947 35
0 0.245459 0.200106 0.0473748 0.0821958 33
0 0.644545 0.262568 0.0763079 0.156927 31
0 0.363974 0.205635 0.0474275 0.0841502 30
1 0.980117 0.830887 0.0397654 0.168235 29
0 0.323255 0.164949 0.0441728 0.067693 24
0 0.382088 0.155028 0.0359779 0.0699347 21
