0 0.036597 0.638846 0.0731387 0.223463 56
1 0.0653272 0.398482 0.0343157 0.0995711 54
1 0.098767 0.385067 0.0330309 0.10909 53
0 0.512912 0.119585 0.0472078 0.0867546 52
1 0.123768 0.328883 0.0314995 0.0988747 51
1 0.497351 0.254826 0.0249997 0.0965615 50
0 0.284451 0.303946 0.0795445 0.123866 49
1 0.56628 0.567156 0.0576611 0.182118 48
1 0.794623 0.878266 0.0942075 0.236171 46
0 0.228907 0.243489 0.0659853 0.0946359 43
1 0.347063 0.20023 0.0187158 0.0686071 40
0 0.316293 0.18352 0.0416347 0.0737984 35
0 0.740361 0.419454 0.148283 0.281297 31
0 0.379825 0.169492 0.0380889 0.0652958 30
