1 0.217847 0.404135 0.0405607 0.139269 36
0 0.101869 0.548332 0.139885 0.235666 35
0 0.0880465 0.402647 0.0981414 0.148267 33
1 0.580472 0.285239 0.0257837 0.0806201 32
0 0.628284 0.19148 0.0549093 0.10018 31
0 0.267436 0.462423 0.121031 0.202804 30
1 0.703649 0.325228 0.0284597 0.0888058 29
1 0.559604 0.409907 0.0351336 0.15291 28
0 0.257298 0.255362 0.0735644 0.102924 24
0 0.342055 0.230436 0.0644296 0.101432 21
0 0.31761 0.165297 0.0459761 0.0849937 17
0 0.373584 0.161428 0.0417508 0.0845389 13
