0 0.0392393 0.809485 0.0783155 0.342415 35
0 0.0300198 0.54813 0.0600396 0.189515 33
1 0.538352 0.195455 0.0176088 0.0699952 32
0 0.635225 0.184443 0.0505922 0.0948035 31
0 0.186563 0.716409 0.180559 0.350615 30
1 0.665176 0.276663 0.0231078 0.0794362 29
1 0.511802 0.231054 0.0208897 0.0836241 28
1 0.112785 0.343211 0.0304268 0.0950228 27
1 0.60727 0.433598 0.0426702 0.143885 26
0 0.224814 0.301329 0.089079 0.128592 24
0 0.322808 0.271823 0.0773048 0.116409 21
0 0.305753 0.179233 0.0548867 0.0906381 17
0 0.365984 0.180213 0.0458269 0.0808957 13
