0 0.137799 0.592235 0.155144 0.263042 49
1 0.498616 0.206016 0.0173523 0.0718533 48
1 0.542248 0.273432 0.0243309 0.0945792 46
1 0.200263 0.349195 0.0345996 0.114594 45
0 0.159141 0.330601 0.0874582 0.130523 43
1 0.2735 0.277662 0.0303739 0.105784 42
1 0.310863 0.260135 0.0284547 0.0941046 40
0 0.288318 0.223738 0.0592039 0.0893099 35
0 0.651214 0.272086 0.0826325 0.164701 31
0 0.366904 0.199461 0.0458473 0.0799482 30
0 0.326036 0.15932 0.0416023 0.0680004 24
0 0.3828 0.151967 0.0349038 0.0693374 21
