1 0.139349 0.596352 0.0523246 0.19645 36
0 0.0601009 0.687823 0.119924 0.336025 35
0 0.0449077 0.488052 0.0898154 0.165995 33
1 0.550596 0.215978 0.0201111 0.0772353 32
0 0.632222 0.186925 0.0512094 0.0992675 31
0 0.218367 0.607955 0.15876 0.279631 30
1 0.677404 0.293406 0.0242633 0.0788684 29
1 0.523728 0.26957 0.0230143 0.100701 28
1 0.667578 0.609541 0.0660955 0.20185 26
0 0.237804 0.283488 0.0818021 0.11384 24
0 0.329995 0.254191 0.0720388 0.111783 21
0 0.310606 0.180073 0.0497872 0.0806445 17
0 0.368961 0.165906 0.0449826 0.102075 13
