1 0.13218 0.62135 0.0511933 0.210821 36
0 0.0579219 0.708231 0.115844 0.336553 35
0 0.0423145 0.495901 0.0846291 0.168793 33
1 0.546894 0.209522 0.0194048 0.0737318 32
0 0.632558 0.18626 0.0508408 0.0984119 31
0 0.213519 0.625718 0.160081 0.288468 30
1 0.675207 0.290496 0.0228146 0.0746837 29
1 0.521664 0.263304 0.0211978 0.0942715 28
1 0.655437 0.567735 0.0625593 0.185693 26
0 0.235491 0.286411 0.0832924 0.114663 24
0 0.328623 0.258264 0.0716089 0.113984 21
0 0.310372 0.179103 0.0530702 0.0829453 17
0 0.368391 0.167835 0.044745 0.0989958 13
