1 0.546531 0.167314 0.0235298 0.0518336 39
1 0.243055 0.35331 0.0353791 0.117712 36
0 0.124887 0.502789 0.130473 0.200163 35
0 0.108615 0.374139 0.0932925 0.133057 33
1 0.601243 0.323081 0.0290819 0.100768 32
0 0.625817 0.19567 0.0535646 0.0989378 31
0 0.2833 0.416685 0.107415 0.178538 30
1 0.717086 0.346332 0.0291513 0.0842545 29
1 0.591071 0.535155 0.0459785 0.20835 28
0 0.264692 0.24367 0.0710414 0.100445 24
0 0.346648 0.221975 0.0616416 0.097677 21
0 0.321599 0.159825 0.0442352 0.0821748 17
0 0.37603 0.156941 0.039303 0.0855603 13
