0 0.0578104 0.844173 0.115621 0.308453 49
1 0.492041 0.17322 0.0140769 0.0549544 48
1 0.0546952 0.428035 0.036589 0.109402 47
1 0.517877 0.213144 0.0196939 0.0717782 46
1 0.151159 0.440221 0.0428182 0.134932 45
0 0.120131 0.39801 0.10509 0.15131 43
1 0.239789 0.339426 0.0351691 0.129158 42
1 0.285655 0.309067 0.0329611 0.110494 40
0 0.268011 0.256537 0.0672229 0.0956185 35
0 0.232701 0.214591 0.0491062 0.0837752 33
0 0.633836 0.243338 0.0633637 0.146541 31
0 0.357753 0.222479 0.0526766 0.0846106 30
1 0.934611 0.708119 0.0589523 0.169948 29
0 0.316564 0.174497 0.0445228 0.0704424 24
0 0.377471 0.162277 0.0397657 0.0737694 21
