1 0.546099 0.167527 0.0226151 0.0517344 39
1 0.255238 0.333037 0.0322696 0.111318 36
0 0.138939 0.47727 0.124917 0.18941 35
0 0.119366 0.359229 0.0899096 0.124774 33
1 0.616289 0.357425 0.0329403 0.109599 32
0 0.62498 0.198317 0.0541389 0.0992455 31
0 0.289847 0.393473 0.103998 0.167475 30
1 0.726313 0.353862 0.0309875 0.0925449 29
1 0.618654 0.648879 0.0593887 0.242853 28
0 0.268 0.236203 0.0690445 0.0993212 24
0 0.34834 0.218559 0.0592206 0.0964123 21
0 0.322214 0.158637 0.041773 0.0783395 17
0 0.378178 0.153658 0.0378436 0.0849542 13
