0 0.089051 0.719783 0.169365 0.31428 49
1 0.495237 0.187933 0.0158307 0.0676033 48
1 0.0887419 0.375128 0.0274245 0.0977572 47
1 0.529033 0.241466 0.0226285 0.0781919 46
1 0.179432 0.392148 0.0362435 0.114686 45
0 0.143109 0.35935 0.0947594 0.135483 43
1 0.260279 0.304998 0.0324354 0.109422 42
1 0.299827 0.281663 0.0294679 0.0966051 40
0 0.27965 0.237571 0.0631774 0.0912493 35
0 0.642183 0.258743 0.0733036 0.152379 31
0 0.362852 0.209306 0.0488348 0.0856054 30
1 0.974195 0.802456 0.0516094 0.174005 29
0 0.322174 0.166564 0.0448639 0.0680284 24
0 0.38169 0.156983 0.0368316 0.0715682 21
