0 0.503589 0.111721 0.038125 0.0798317 52
1 0.0321278 0.474864 0.0432382 0.115791 51
0 0.212075 0.441305 0.120425 0.172381 49
1 0.505227 0.26162 0.023484 0.0969382 48
1 0.583437 0.372927 0.0373928 0.128042 46
1 0.233419 0.294457 0.0301505 0.102763 45
0 0.186527 0.29229 0.0758892 0.11409 43
1 0.326178 0.233753 0.0248644 0.0834976 40
0 0.300241 0.210337 0.0512714 0.0865465 35
0 0.673516 0.308673 0.103129 0.19743 31
0 0.371964 0.186438 0.0427253 0.0742913 30
0 0.387578 0.142852 0.0321904 0.071464 21
