0 0.0709029 0.821813 0.141799 0.356374 49
1 0.493033 0.178223 0.0151096 0.0591189 48
1 0.521815 0.22244 0.0199654 0.0722934 46
1 0.162089 0.419873 0.0399497 0.124266 45
0 0.128339 0.382669 0.0972111 0.144861 43
1 0.247819 0.325533 0.0343657 0.117199 42
1 0.290814 0.300318 0.0313469 0.102475 40
0 0.272273 0.249362 0.0671017 0.096386 35
0 0.236694 0.208448 0.0498156 0.0881527 33
0 0.636633 0.249541 0.0673304 0.142232 31
0 0.360381 0.216197 0.0537776 0.0866035 30
1 0.952214 0.741786 0.0570967 0.177072 29
0 0.318786 0.170551 0.0447932 0.0709777 24
0 0.378975 0.16232 0.039992 0.0711467 21
