0 0.472673 0.155688 0.0265021 0.0422877 57
0 0.0495647 0.581369 0.0991048 0.204302 56
1 0.114578 0.355988 0.0313491 0.106684 53
0 0.516629 0.122887 0.0495369 0.0882762 52
1 0.504479 0.287995 0.0253542 0.11168 50
0 0.295157 0.286495 0.0737871 0.111708 49
1 0.608395 0.75446 0.0821959 0.236854 48
0 0.236254 0.237286 0.0641379 0.0952606 43
1 0.350204 0.196306 0.0178926 0.0630114 40
0 0.320092 0.179719 0.0406803 0.0693077 35
0 0.764409 0.455974 0.163434 0.316284 31
0 0.381307 0.164616 0.0381783 0.0654599 30
