1 0.0219933 0.515018 0.0415138 0.13471 53
0 0.506691 0.111762 0.0412818 0.0792335 52
1 0.0581456 0.430936 0.0393045 0.112494 51
1 0.479188 0.188641 0.0156396 0.0676286 50
0 0.233613 0.399642 0.108852 0.156095 49
1 0.510603 0.291466 0.0263233 0.110117 48
1 0.611255 0.437275 0.0459282 0.147574 46
1 0.244016 0.280251 0.0276319 0.0907572 45
0 0.196476 0.27931 0.0727696 0.108927 43
1 0.331478 0.224588 0.0217069 0.0806475 40
0 0.305234 0.201331 0.0503805 0.0809015 35
0 0.686769 0.329909 0.110182 0.207616 31
0 0.374412 0.179881 0.0418144 0.0764289 30
