1 0.47258 0.161085 0.0135275 0.0566771 50
0 0.176163 0.512684 0.137915 0.208744 49
1 0.501441 0.22932 0.0195858 0.0807137 48
1 0.557246 0.309238 0.0290308 0.109338 46
1 0.216266 0.321444 0.0317224 0.105148 45
0 0.171125 0.311248 0.0839024 0.122444 43
1 0.285404 0.267781 0.0253175 0.0841059 42
1 0.318625 0.246503 0.0237212 0.0868301 40
0 0.293386 0.215025 0.0522688 0.0875899 35
0 0.660558 0.287105 0.090509 0.178991 31
0 0.369225 0.192317 0.0447574 0.0786105 30
0 0.384564 0.144295 0.0352439 0.0744205 21
