1 0.504099 0.176196 0.0156284 0.0554995 46
1 0.0625755 0.620776 0.0601905 0.173649 45
0 0.056387 0.514488 0.112774 0.198959 43
1 0.173285 0.462252 0.0475654 0.167503 42
1 0.118452 0.332408 0.0321263 0.0994983 41
1 0.232121 0.415955 0.0409788 0.135757 40
1 0.534553 0.164698 0.0258108 0.0530933 39
0 0.236365 0.307197 0.0820487 0.122023 35
0 0.205641 0.247408 0.058377 0.0943938 33
0 0.623254 0.219216 0.0484919 0.128042 31
0 0.343584 0.256913 0.0638377 0.0977148 30
1 0.845658 0.544631 0.0455585 0.126019 29
0 0.303074 0.187096 0.0520417 0.0831602 24
0 0.368522 0.179178 0.0456292 0.0751058 21
