0 0.0228133 0.666794 0.0456267 0.273694 43
1 0.089009 0.651216 0.0676319 0.214216 42
1 0.0607992 0.415997 0.0390709 0.110201 41
1 0.164115 0.570351 0.0574821 0.181346 40
1 0.538144 0.165969 0.027821 0.0517458 39
0 0.204327 0.360668 0.097475 0.137294 35
0 0.177297 0.285289 0.0731992 0.104092 33
1 0.822861 0.84186 0.0874859 0.238088 32
0 0.619817 0.208911 0.0499411 0.11234 31
0 0.327065 0.296648 0.0755436 0.11901 30
1 0.786805 0.447944 0.0364799 0.109064 29
0 0.290441 0.207741 0.0588452 0.0959797 24
0 0.361739 0.194989 0.0513635 0.0859066 21
0 0.383638 0.145583 0.0341338 0.0700238 13
