1 0.0437539 0.433009 0.0370465 0.0998618 54
1 0.0776142 0.421849 0.0345866 0.109567 53
0 0.512165 0.118086 0.0442654 0.0847171 52
1 0.107231 0.357773 0.0325002 0.0968617 51
1 0.491276 0.23132 0.020137 0.0828227 50
0 0.27191 0.329218 0.0872498 0.124068 49
1 0.539822 0.443911 0.0428623 0.154364 48
1 0.721497 0.704614 0.0753302 0.218977 46
0 0.2191 0.251998 0.0671615 0.102174 43
1 0.343136 0.208121 0.0191188 0.0715239 40
0 0.313475 0.189462 0.044406 0.077976 35
0 0.722371 0.388585 0.136707 0.251057 31
0 0.378455 0.172385 0.0383833 0.0672277 30
