1 0.0247956 0.73822 0.0495534 0.198093 45
0 0.0380429 0.583322 0.0760859 0.214258 43
1 0.129121 0.555589 0.0584262 0.19868 42
1 0.0864171 0.377745 0.0345296 0.105165 41
1 0.19715 0.490452 0.0501 0.162809 40
1 0.536282 0.164805 0.0278559 0.0524149 39
0 0.218757 0.3368 0.0915603 0.128802 35
0 0.191511 0.263924 0.0677436 0.10203 33
0 0.620578 0.212208 0.0487391 0.121653 31
0 0.334539 0.27737 0.0702888 0.109483 30
1 0.812668 0.484473 0.0422544 0.115912 29
0 0.298961 0.200826 0.0621397 0.0848289 24
0 0.364688 0.187613 0.0491422 0.0812968 21
0 0.385855 0.139928 0.0307577 0.0716725 13
