1 0.547044 0.167387 0.02332 0.051683 39
1 0.237333 0.360666 0.0359774 0.123512 36
0 0.121159 0.511248 0.132503 0.210399 35
0 0.104838 0.382958 0.095179 0.132854 33
1 0.597161 0.312412 0.0288847 0.101223 32
0 0.626135 0.194684 0.0536203 0.0990405 31
0 0.278614 0.426036 0.111053 0.18335 30
1 0.714418 0.34264 0.028509 0.0846514 29
1 0.583218 0.504492 0.043823 0.187856 28
0 0.262567 0.246717 0.0725717 0.103141 24
0 0.346239 0.223598 0.0621755 0.0988244 21
0 0.321355 0.161535 0.0448616 0.0814357 17
0 0.375957 0.157788 0.0393694 0.0852744 13
