0 0.0539874 0.856748 0.107975 0.284045 49
1 0.491829 0.171738 0.0136954 0.055562 48
1 0.0500855 0.437282 0.0345565 0.107847 47
1 0.51703 0.208595 0.0197315 0.072602 46
1 0.146347 0.450255 0.0427583 0.132929 45
0 0.1159 0.403113 0.105095 0.152285 43
1 0.237185 0.342402 0.0357835 0.129361 42
1 0.282752 0.312997 0.0327828 0.108822 40
0 0.266331 0.257824 0.0694924 0.0992233 35
0 0.230679 0.21643 0.0501185 0.0837666 33
0 0.633447 0.240742 0.0627183 0.142597 31
0 0.357215 0.223776 0.0525142 0.0856166 30
1 0.931114 0.700159 0.0566841 0.156611 29
0 0.315859 0.174641 0.044684 0.0708001 24
0 0.377367 0.162989 0.0401522 0.0735659 21
