1 0.186704 0.478418 0.0459222 0.167805 36
0 0.0759345 0.605918 0.145598 0.278075 35
0 0.0654266 0.430314 0.100752 0.163748 33
1 0.565024 0.250968 0.0237322 0.0803975 32
0 0.630493 0.188948 0.0548248 0.0998942 31
0 0.247555 0.51878 0.136113 0.232733 30
1 0.690712 0.310656 0.0258867 0.0849799 29
1 0.539556 0.33225 0.0277348 0.118978 28
1 0.148564 0.295089 0.0270613 0.0878505 27
1 0.777366 0.896686 0.106207 0.200799 26
0 0.249077 0.265995 0.0769729 0.108346 24
0 0.337513 0.241082 0.0668714 0.105829 21
0 0.315535 0.168956 0.0489798 0.0844412 17
0 0.371704 0.165147 0.0419882 0.0869811 13
