1 0.504489 0.178074 0.0151311 0.0548279 46
1 0.0741376 0.597159 0.0576879 0.165878 45
0 0.0600852 0.502394 0.12017 0.194251 43
1 0.181724 0.443619 0.0454658 0.162343 42
1 0.125552 0.32377 0.0306715 0.092257 41
1 0.239528 0.400539 0.0394635 0.13798 40
1 0.534349 0.16507 0.0235863 0.0521722 39
0 0.240436 0.298659 0.0810361 0.117059 35
0 0.209866 0.237281 0.0598906 0.102573 33
0 0.624334 0.220638 0.0486444 0.129132 31
0 0.345882 0.252019 0.0626895 0.0967279 30
1 0.85506 0.561651 0.0445801 0.126059 29
0 0.305013 0.186943 0.052877 0.0788593 24
0 0.369506 0.179171 0.0454686 0.076469 21
