0 0.0786281 0.778995 0.156614 0.339138 49
1 0.494026 0.18143 0.0153638 0.062026 48
1 0.0770609 0.39434 0.0295513 0.0997273 47
1 0.524451 0.231983 0.021419 0.0721259 46
1 0.169178 0.40813 0.0389413 0.12033 45
0 0.134313 0.37152 0.0977741 0.141635 43
1 0.252823 0.315005 0.030959 0.116245 42
1 0.294984 0.290583 0.0306599 0.1014 40
0 0.276067 0.244546 0.0678912 0.0928486 35
0 0.239392 0.205753 0.0506157 0.0866308 33
0 0.63894 0.25284 0.0695811 0.145485 31
0 0.361621 0.214061 0.0522188 0.0851508 30
1 0.962253 0.76377 0.0552723 0.179365 29
0 0.320479 0.168796 0.0449677 0.0694606 24
0 0.379659 0.161345 0.038168 0.0747274 21
