1 0.0111735 0.53488 0.0223039 0.147541 41
1 0.0699446 0.834908 0.0835652 0.229766 40
1 0.544635 0.167918 0.023041 0.0512872 39
1 0.276924 0.288735 0.0280022 0.0939465 36
0 0.161879 0.434123 0.115753 0.166788 35
0 0.14013 0.331194 0.0850729 0.124945 33
1 0.656795 0.440395 0.0453398 0.142206 32
0 0.623714 0.201466 0.054011 0.101799 31
0 0.304233 0.349745 0.0933935 0.162283 30
1 0.745089 0.38025 0.0369088 0.0974174 29
0 0.276082 0.226151 0.0645385 0.097015 24
0 0.352953 0.209545 0.0575589 0.0903431 21
0 0.380492 0.150557 0.0355138 0.0780522 13
