1 0.502369 0.169407 0.0147345 0.0546306 46
1 0.0459703 0.663552 0.0616668 0.182669 45
0 0.0504785 0.547646 0.100957 0.213978 43
1 0.157864 0.495421 0.0520853 0.180709 42
1 0.107114 0.352124 0.0311783 0.0985198 41
1 0.21981 0.44105 0.0445735 0.144908 40
1 0.535266 0.165092 0.0270017 0.0526549 39
0 0.229645 0.317186 0.0865055 0.123892 35
0 0.201523 0.256105 0.0625491 0.090163 33
0 0.621824 0.21679 0.0487129 0.125072 31
0 0.340432 0.263556 0.0653852 0.101444 30
1 0.832343 0.516659 0.0425755 0.129806 29
0 0.302815 0.191541 0.0584362 0.0822385 24
0 0.367499 0.18319 0.0468604 0.0786317 21
