1 0.0252104 0.478283 0.036811 0.114368 47
1 0.511905 0.195376 0.0167088 0.0707739 46
1 0.124821 0.489026 0.046883 0.147331 45
0 0.0998372 0.429608 0.111139 0.165046 43
1 0.220718 0.37264 0.0378584 0.135904 42
1 0.270915 0.337244 0.0349657 0.117928 40
0 0.258937 0.268683 0.0742972 0.105987 35
0 0.222979 0.225528 0.0464723 0.0879252 33
0 0.630046 0.234381 0.0570848 0.138551 31
0 0.353651 0.232396 0.0551892 0.0885442 30
1 0.90446 0.650542 0.0520332 0.148298 29
0 0.312764 0.17792 0.0477478 0.0755033 24
0 0.375472 0.164612 0.0426583 0.0791899 21
