1 0.0333592 0.447937 0.0366187 0.112014 54
1 0.0695646 0.432925 0.0372344 0.114912 53
0 0.511597 0.117691 0.0455771 0.0811671 52
1 0.0986589 0.366505 0.0358673 0.100994 51
1 0.488005 0.223806 0.0192623 0.0764295 50
0 0.268142 0.337932 0.09028 0.130178 49
1 0.53286 0.407223 0.0392084 0.143374 48
1 0.697079 0.643922 0.0686508 0.205224 46
0 0.216287 0.256741 0.0689193 0.100793 43
1 0.34174 0.211846 0.0195567 0.0715872 40
0 0.312615 0.191176 0.0460299 0.0775921 35
0 0.715172 0.376714 0.130718 0.24726 31
0 0.378021 0.173034 0.0389929 0.0695088 30
