1 0.50359 0.173129 0.0156307 0.057327 46
1 0.0571444 0.6351 0.0607135 0.175291 45
0 0.0536751 0.524369 0.10735 0.205342 43
1 0.167728 0.475174 0.0472683 0.171582 42
1 0.114465 0.33887 0.0304601 0.0967636 41
1 0.228614 0.423692 0.042081 0.139128 40
1 0.535066 0.164465 0.0265549 0.0534488 39
0 0.233794 0.311203 0.0841411 0.12345 35
0 0.204443 0.24984 0.0624104 0.0932314 33
0 0.622531 0.218421 0.0482931 0.127251 31
0 0.34287 0.25939 0.0648288 0.0985269 30
1 0.84191 0.534063 0.0451599 0.127726 29
0 0.302212 0.187593 0.0530157 0.0831553 24
0 0.368116 0.179413 0.0461133 0.0759679 21
