1 0.0248084 0.738221 0.0495604 0.197843 45
0 0.0380319 0.584011 0.0760638 0.215236 43
1 0.12911 0.555587 0.0584105 0.198679 42
1 0.0863932 0.377886 0.0345448 0.104906 41
1 0.197153 0.490471 0.0500908 0.162708 40
1 0.536256 0.164983 0.0279353 0.0523147 39
0 0.218745 0.336785 0.091542 0.128787 35
0 0.191508 0.263782 0.0677084 0.102275 33
0 0.620571 0.21226 0.0487627 0.121587 31
0 0.334547 0.277401 0.0702763 0.109446 30
1 0.812657 0.484392 0.0422379 0.116038 29
0 0.298793 0.200818 0.0617713 0.0848106 24
0 0.364706 0.187591 0.0491075 0.0812635 21
0 0.385862 0.139933 0.030758 0.0716893 13
