0 0.0336396 0.650341 0.0672791 0.229859 56
1 0.0606005 0.404958 0.0302166 0.0982853 54
1 0.0938741 0.391416 0.0352381 0.109717 53
0 0.513118 0.119242 0.0460369 0.0862779 52
1 0.119878 0.333383 0.034444 0.10458 51
1 0.495653 0.249491 0.0242873 0.0921638 50
0 0.28197 0.310395 0.082877 0.119134 49
1 0.559955 0.534236 0.0529569 0.174317 48
1 0.77983 0.845265 0.0906068 0.246604 46
0 0.227237 0.245952 0.066655 0.0968283 43
1 0.346299 0.201293 0.0187364 0.0692267 40
0 0.315913 0.185997 0.0422721 0.0755035 35
0 0.73735 0.414071 0.145726 0.273651 31
0 0.379501 0.1701 0.0382558 0.0662219 30
