1 0.507077 0.185684 0.0153347 0.0598715 46
1 0.0965373 0.550939 0.0533936 0.153614 45
0 0.0764298 0.470634 0.119914 0.181902 43
1 0.199129 0.412962 0.0413419 0.149504 42
1 0.139357 0.308342 0.0300651 0.0930304 41
1 0.252999 0.370606 0.0381809 0.126066 40
1 0.532338 0.165464 0.0236044 0.0521625 39
0 0.249035 0.285272 0.0772546 0.114352 35
0 0.217133 0.227693 0.0585172 0.10376 33
0 0.626434 0.225513 0.0508388 0.133619 31
0 0.349242 0.242888 0.058771 0.0917057 30
1 0.875311 0.600284 0.0515343 0.124274 29
0 0.308454 0.183012 0.0520137 0.0747251 24
0 0.372455 0.172681 0.0433553 0.0727902 21
