1 0.121135 0.644391 0.0546152 0.207832 36
0 0.0530835 0.721573 0.106012 0.349242 35
0 0.0396633 0.501279 0.0793267 0.186377 33
1 0.545088 0.2069 0.0186247 0.0710821 32
0 0.632876 0.186079 0.0505152 0.0979052 31
0 0.208001 0.644354 0.165245 0.300403 30
1 0.672339 0.288767 0.0220531 0.0734202 29
1 0.519378 0.25631 0.0209308 0.0902312 28
1 0.125628 0.325512 0.0293657 0.0879317 27
1 0.643976 0.540853 0.0568584 0.168032 26
0 0.233277 0.288784 0.0853179 0.118335 24
0 0.327979 0.260979 0.0726659 0.114786 21
0 0.309745 0.178217 0.0540359 0.0876842 17
0 0.367942 0.168384 0.0444694 0.0987906 13
