1 0.156745 0.549618 0.0507727 0.183963 36
0 0.0643748 0.663712 0.128659 0.303476 35
0 0.0496883 0.470989 0.0993766 0.159873 33
1 0.554549 0.226719 0.0212122 0.0763059 32
0 0.631957 0.187259 0.0525778 0.0992793 31
0 0.228366 0.574284 0.152826 0.266953 30
1 0.681377 0.296875 0.024007 0.0842372 29
1 0.528028 0.287367 0.0247037 0.109725 28
1 0.697679 0.697242 0.0769375 0.226489 26
0 0.241382 0.276028 0.0807197 0.110747 24
0 0.332311 0.249449 0.069202 0.109081 21
0 0.312299 0.173259 0.048707 0.0846986 17
0 0.369404 0.165871 0.0441453 0.0976872 13
