1 0.0218299 0.902266 0.0431154 0.190704 42
1 0.0129677 0.526296 0.0259092 0.141523 41
1 0.0783606 0.814961 0.0808233 0.22874 40
1 0.544542 0.167687 0.0225686 0.051486 39
1 0.279715 0.284739 0.0274316 0.0939248 36
0 0.165434 0.42546 0.11323 0.161242 35
0 0.143438 0.327667 0.0836858 0.115002 33
1 0.664685 0.459378 0.0475479 0.147935 32
0 0.623332 0.202242 0.0535739 0.103083 31
0 0.306665 0.346838 0.0922301 0.15206 30
1 0.747585 0.383321 0.0360268 0.10221 29
0 0.277957 0.22372 0.064211 0.0947558 24
0 0.3536 0.20862 0.0588004 0.089178 21
0 0.381149 0.150039 0.0349145 0.0767378 13
