1 0.107332 0.664834 0.0631544 0.222912 36
0 0.0652677 0.738263 0.130535 0.361698 35
0 0.0377616 0.511009 0.0755232 0.187827 33
1 0.54323 0.204179 0.0183128 0.0712953 32
0 0.633347 0.18548 0.0501106 0.0989282 31
0 0.202645 0.66263 0.170676 0.310029 30
1 0.670251 0.281422 0.0225125 0.0836561 29
1 0.517541 0.24908 0.0207011 0.0892137 28
1 0.123603 0.329509 0.0301035 0.0909774 27
1 0.633517 0.504281 0.0540155 0.166818 26
0 0.231839 0.291587 0.0862961 0.116789 24
0 0.326231 0.264345 0.0747748 0.113639 21
0 0.30877 0.178139 0.0543065 0.0896651 17
0 0.367602 0.16922 0.0442998 0.0979627 13
