1 0.0437595 0.433035 0.0370336 0.0999424 54
1 0.0776297 0.421853 0.0345841 0.109615 53
0 0.512144 0.118111 0.0442369 0.0845582 52
1 0.107176 0.357799 0.0326468 0.0970379 51
1 0.491283 0.231334 0.0201513 0.0828493 50
0 0.271929 0.329231 0.0872116 0.123999 49
1 0.539824 0.44399 0.0428516 0.154109 48
1 0.721657 0.70457 0.0755901 0.219003 46
0 0.219104 0.252028 0.0672256 0.102142 43
1 0.343142 0.208116 0.0191415 0.0715221 40
0 0.313467 0.189469 0.0443243 0.0779156 35
0 0.722359 0.388603 0.13667 0.250961 31
0 0.37845 0.172391 0.038383 0.0672202 30
