0 0.061707 0.834056 0.123414 0.32987 49
1 0.492557 0.174686 0.014423 0.056119 48
1 0.518792 0.216754 0.0188059 0.0696481 46
1 0.154984 0.43404 0.0416041 0.128836 45
0 0.122984 0.392198 0.1034 0.147801 43
1 0.242175 0.333987 0.0352824 0.123751 42
1 0.177169 0.26466 0.0262247 0.0847567 41
1 0.287022 0.306892 0.0309439 0.107576 40
0 0.269273 0.253782 0.067783 0.093526 35
0 0.233879 0.21229 0.050196 0.0897213 33
0 0.634683 0.24536 0.06478 0.146717 31
0 0.35868 0.220092 0.05305 0.0860427 30
1 0.941654 0.724217 0.0577188 0.157044 29
0 0.317071 0.172381 0.0452285 0.0725158 24
0 0.378021 0.162485 0.0405676 0.0735863 21
