1 0.027187 0.508828 0.0398014 0.12965 53
0 0.50659 0.112697 0.0418247 0.0798555 52
1 0.0612048 0.423004 0.0417471 0.111634 51
1 0.480085 0.19093 0.0163923 0.0714564 50
0 0.237003 0.392567 0.105944 0.150625 49
1 0.51236 0.301937 0.0260565 0.110699 48
1 0.617453 0.454573 0.0466206 0.146394 46
1 0.245442 0.278947 0.0289494 0.0924944 45
0 0.198479 0.275545 0.0725521 0.108691 43
1 0.332201 0.22154 0.0225734 0.0780998 40
0 0.306492 0.19935 0.0531765 0.0794773 35
0 0.689157 0.334465 0.111179 0.211118 31
0 0.374625 0.179435 0.0414286 0.0745975 30
