0 0.0814792 0.762181 0.161989 0.335945 49
1 0.494349 0.183542 0.0155138 0.0635427 48
1 0.0806585 0.387526 0.0279248 0.0999225 47
1 0.525795 0.236177 0.0215903 0.0759205 46
1 0.172892 0.402885 0.0377763 0.115741 45
0 0.137201 0.367729 0.0964716 0.14321 43
1 0.255079 0.311412 0.0312733 0.110918 42
1 0.188383 0.256156 0.0260101 0.0784377 41
1 0.296585 0.286607 0.0307056 0.102551 40
0 0.276826 0.24241 0.0653069 0.0916579 35
0 0.240784 0.203834 0.0502183 0.0865022 33
0 0.639926 0.254361 0.0712833 0.147064 31
0 0.362017 0.212476 0.0508288 0.0847147 30
1 0.967971 0.780077 0.0569229 0.167468 29
0 0.320788 0.167708 0.0445873 0.0701801 24
0 0.380281 0.160407 0.0375218 0.0741504 21
