1 0.206461 0.42998 0.042115 0.141009 36
0 0.0918879 0.573658 0.141893 0.247004 35
0 0.0784553 0.411051 0.097069 0.154848 33
1 0.574819 0.269052 0.0242577 0.0819027 32
0 0.629466 0.190092 0.0552799 0.100563 31
0 0.259777 0.484683 0.125738 0.210737 30
1 0.69839 0.320613 0.0274761 0.0813922 29
1 0.550601 0.376108 0.0314005 0.137903 28
0 0.25329 0.258884 0.0747044 0.102444 24
0 0.341251 0.235606 0.0663657 0.100239 21
0 0.317583 0.167107 0.0463954 0.084021 17
0 0.373022 0.164005 0.0420825 0.0837271 13
