1 0.192409 0.463987 0.0458378 0.163191 36
0 0.0809427 0.596973 0.142836 0.261526 35
0 0.0705322 0.418547 0.0996466 0.173244 33
1 0.567511 0.25546 0.0237189 0.0808715 32
0 0.630577 0.189464 0.0556332 0.0998815 31
0 0.251337 0.50615 0.13294 0.22613 30
1 0.693599 0.312636 0.0257393 0.0873221 29
1 0.542841 0.345552 0.0281709 0.12653 28
1 0.151335 0.288615 0.0250591 0.0894538 27
1 0.793076 0.925023 0.120255 0.146524 26
0 0.250364 0.263746 0.0759219 0.105804 24
0 0.338611 0.239532 0.066607 0.103552 21
0 0.316422 0.167813 0.0486674 0.0849052 17
0 0.372137 0.164924 0.0420043 0.0854228 13
