1 0.503016 0.170686 0.0152175 0.056333 46
1 0.0503217 0.649856 0.0642993 0.180322 45
0 0.0520326 0.53685 0.104065 0.211369 43
1 0.16301 0.483665 0.0492203 0.175838 42
1 0.11157 0.346272 0.0306378 0.0925418 41
1 0.223857 0.430253 0.0432745 0.143136 40
1 0.535311 0.164986 0.0268044 0.0527696 39
0 0.231757 0.314367 0.0852861 0.12258 35
0 0.203293 0.254155 0.0624063 0.0892836 33
0 0.622165 0.217939 0.0486132 0.1255 31
0 0.341312 0.261095 0.0636151 0.101131 30
1 0.836818 0.526416 0.0427917 0.125965 29
0 0.302946 0.190111 0.0567039 0.0816561 24
0 0.367959 0.18124 0.0460841 0.077535 21
