1 0.0269795 0.887996 0.0537154 0.214615 42
1 0.0146896 0.505344 0.0292996 0.117512 41
1 0.0865464 0.786428 0.0779559 0.230807 40
1 0.543914 0.167558 0.0233189 0.0518458 39
1 0.282918 0.28027 0.0291893 0.0923468 36
0 0.169485 0.419573 0.112505 0.159473 35
0 0.146439 0.320593 0.0818775 0.118858 33
1 0.673355 0.477711 0.0502346 0.158693 32
0 0.622998 0.203232 0.0532091 0.103851 31
0 0.307954 0.34429 0.0899824 0.146385 30
1 0.750005 0.386735 0.0349106 0.102291 29
0 0.279234 0.22143 0.0639896 0.0924958 24
0 0.354386 0.208389 0.0571759 0.0881677 21
0 0.381533 0.149938 0.0350179 0.0758617 13
