1 0.234148 0.371472 0.0361016 0.128286 36
0 0.116833 0.518939 0.135138 0.217485 35
0 0.100867 0.385905 0.0930918 0.137717 33
1 0.592465 0.306454 0.0263922 0.0919324 32
0 0.626791 0.194019 0.0537788 0.0992694 31
0 0.275509 0.432426 0.114709 0.191806 30
1 0.71097 0.339294 0.0278646 0.0824429 29
1 0.576228 0.477957 0.040985 0.183333 28
0 0.261855 0.249244 0.0719194 0.103368 24
0 0.345507 0.224466 0.0623452 0.0991481 21
0 0.320604 0.161122 0.0455999 0.0837597 17
0 0.375814 0.158742 0.0397275 0.0852697 13
