1 0.013815 0.55426 0.0275808 0.145203 53
0 0.505533 0.111302 0.0395381 0.0775585 52
1 0.0425796 0.454606 0.0429133 0.119586 51
1 0.477205 0.181036 0.0151772 0.0626334 50
0 0.220745 0.422047 0.114086 0.167062 49
1 0.506997 0.2735 0.0255341 0.0998588 48
1 0.593835 0.397005 0.0417912 0.134185 46
1 0.23746 0.288507 0.0294453 0.103714 45
0 0.191266 0.286103 0.0760084 0.112889 43
1 0.328857 0.230809 0.0231161 0.0804653 40
0 0.302135 0.203701 0.0497288 0.0874168 35
0 0.678626 0.318408 0.106218 0.195266 31
0 0.372683 0.184404 0.0427297 0.0741586 30
