0 0.0786916 0.778745 0.156727 0.338621 49
1 0.494032 0.181416 0.0153566 0.0620422 48
1 0.0770615 0.394337 0.0295836 0.0996426 47
1 0.52445 0.231981 0.0214293 0.0721352 46
1 0.169175 0.408156 0.0389254 0.120259 45
0 0.134306 0.371536 0.0977435 0.141626 43
1 0.252824 0.315014 0.0309472 0.116222 42
1 0.294979 0.290588 0.0306446 0.101356 40
0 0.276067 0.244542 0.0678813 0.0928699 35
0 0.239397 0.205737 0.0506314 0.0866594 33
0 0.638938 0.252835 0.0695713 0.14545 31
0 0.361617 0.214029 0.052212 0.0852396 30
1 0.962232 0.763794 0.0552402 0.179283 29
0 0.320479 0.168844 0.0449803 0.0694002 24
0 0.379692 0.161308 0.0381041 0.0748112 21
