1 0.0454062 0.902895 0.0907461 0.190855 40
1 0.544852 0.167669 0.0238785 0.0514239 39
1 0.265712 0.314947 0.0299378 0.109686 36
0 0.151446 0.45492 0.121082 0.177417 35
0 0.130545 0.344789 0.087804 0.124581 33
1 0.634438 0.39078 0.0388929 0.131401 32
0 0.624584 0.200318 0.0543777 0.10038 31
0 0.297996 0.372495 0.096015 0.159235 30
1 0.733417 0.370133 0.0299767 0.0889894 29
1 0.656945 0.810201 0.0827502 0.285752 28
0 0.272473 0.232917 0.065327 0.0963419 24
0 0.351122 0.214089 0.0579813 0.0937534 21
0 0.323396 0.157664 0.0400503 0.0762268 17
0 0.379557 0.151467 0.0363454 0.0831824 13
