1 0.0122288 0.518762 0.0243258 0.137064 54
1 0.0432025 0.478112 0.0386623 0.126753 53
0 0.508163 0.113944 0.0422527 0.0742089 52
1 0.0746103 0.401577 0.039734 0.107296 51
1 0.481869 0.197499 0.0174339 0.077554 50
0 0.248303 0.374571 0.100976 0.140811 49
1 0.517071 0.332076 0.029277 0.116681 48
1 0.639077 0.500905 0.0537401 0.16373 46
1 0.250915 0.271568 0.0264486 0.0885183 45
0 0.206334 0.270328 0.0737407 0.104952 43
1 0.336763 0.219842 0.0221343 0.0736935 40
0 0.30896 0.199043 0.0532854 0.0836716 35
0 0.696782 0.346786 0.117981 0.22384 31
0 0.375727 0.177785 0.041573 0.0701655 30
