1 0.0203543 0.473137 0.0372778 0.108632 54
1 0.0561611 0.453782 0.0377807 0.126944 53
0 0.510288 0.116771 0.0446053 0.0775285 52
1 0.0869294 0.380989 0.0376833 0.107676 51
1 0.484749 0.210518 0.0189795 0.0702472 50
0 0.258239 0.352992 0.0953226 0.139532 49
1 0.523303 0.36472 0.0332214 0.130833 48
1 0.664388 0.56346 0.0609757 0.18309 46
0 0.212229 0.263469 0.0725437 0.10678 43
1 0.338273 0.217111 0.023667 0.0729462 40
0 0.309174 0.194319 0.0440125 0.0789199 35
0 0.70581 0.361626 0.125266 0.233321 31
0 0.377023 0.176148 0.0397781 0.0693705 30
0 0.393662 0.133514 0.0317093 0.0692066 21
