1 0.0393832 0.676319 0.0659747 0.189894 45
0 0.0481933 0.536398 0.0963866 0.17691 43
1 0.152062 0.505279 0.0529129 0.181918 42
1 0.102995 0.355343 0.0321082 0.102503 41
1 0.216016 0.449748 0.043962 0.1491 40
1 0.535775 0.165216 0.0272632 0.0524613 39
0 0.227985 0.321773 0.0861111 0.12717 35
0 0.198443 0.258039 0.063167 0.09364 33
0 0.621534 0.216338 0.0486202 0.123867 31
0 0.339241 0.267635 0.0657618 0.104645 30
1 0.828421 0.512537 0.0410419 0.122018 29
0 0.301344 0.192577 0.0578538 0.0845148 24
0 0.366897 0.184277 0.0475675 0.079709 21
0 0.386611 0.137117 0.0316012 0.0720278 13
