0 0.130906 0.609734 0.158904 0.264063 49
1 0.498122 0.199961 0.017075 0.0760361 48
1 0.539048 0.267794 0.0239199 0.0926598 46
1 0.19764 0.354538 0.0346118 0.113097 45
0 0.159574 0.335871 0.093815 0.125008 43
1 0.271666 0.279221 0.0301781 0.107358 42
1 0.308831 0.26396 0.026389 0.0946103 40
0 0.288229 0.224583 0.0590579 0.0905269 35
0 0.649612 0.269477 0.081517 0.163178 31
0 0.366412 0.201026 0.0469634 0.0806207 30
0 0.325582 0.161506 0.0424742 0.0662521 24
0 0.382191 0.152829 0.0351008 0.0680059 21
