1 0.178825 0.493956 0.0472164 0.171512 36
0 0.0718239 0.618639 0.143605 0.288982 35
0 0.0610259 0.445701 0.102998 0.154138 33
1 0.562526 0.242212 0.022953 0.0830104 32
0 0.631052 0.187744 0.0545982 0.102277 31
0 0.241607 0.533901 0.142168 0.239439 30
1 0.688777 0.306137 0.026021 0.0840373 29
1 0.536526 0.318445 0.0279533 0.11878 28
1 0.145808 0.298437 0.0255757 0.0855721 27
1 0.753733 0.864136 0.0938646 0.265244 26
0 0.247502 0.26912 0.0773189 0.107614 24
0 0.335888 0.243281 0.0674182 0.106256 21
0 0.315071 0.169992 0.0490215 0.0851448 17
0 0.371269 0.163313 0.0424801 0.0941388 13
