1 0.546099 0.167515 0.0226252 0.0517618 39
1 0.255233 0.333027 0.0322701 0.111314 36
0 0.138948 0.477277 0.124904 0.189422 35
0 0.119359 0.359238 0.0899331 0.124757 33
1 0.616275 0.357181 0.0329309 0.110076 32
0 0.624989 0.198307 0.0541357 0.0992393 31
0 0.289869 0.393461 0.104024 0.167498 30
1 0.726287 0.353653 0.0309706 0.0929757 29
1 0.61866 0.648445 0.0593532 0.243791 28
0 0.268003 0.236195 0.0690375 0.0993263 24
0 0.34835 0.218569 0.0591962 0.0964124 21
0 0.322258 0.158667 0.0418655 0.0783612 17
0 0.378177 0.153664 0.0378438 0.0849583 13
