1 0.506535 0.182047 0.01531 0.0607942 46
1 0.0908721 0.563594 0.0522887 0.155793 45
0 0.072048 0.475726 0.121195 0.182614 43
1 0.195146 0.419718 0.0433011 0.152893 42
1 0.136452 0.31259 0.0305297 0.0967932 41
1 0.250162 0.377697 0.038406 0.13106 40
1 0.532511 0.164138 0.0242245 0.0520531 39
0 0.247238 0.289239 0.0787502 0.11576 35
0 0.214727 0.2325 0.0561926 0.101475 33
0 0.625947 0.22365 0.0499198 0.133158 31
0 0.348529 0.244744 0.059321 0.0911535 30
1 0.868913 0.58578 0.0456808 0.131432 29
0 0.307252 0.183935 0.0518743 0.0756148 24
0 0.371798 0.175218 0.0439263 0.0708499 21
