1 0.0269907 0.725821 0.0537843 0.193598 45
0 0.0404006 0.579187 0.0808012 0.22864 43
1 0.135473 0.54031 0.0567984 0.194933 42
1 0.091123 0.372265 0.0347655 0.107649 41
1 0.202489 0.477536 0.0479092 0.161631 40
1 0.536071 0.164972 0.0280103 0.0526151 39
0 0.22087 0.330851 0.0897608 0.128666 35
0 0.193578 0.262297 0.0655305 0.0996493 33
0 0.620609 0.213599 0.0484494 0.120666 31
0 0.335922 0.27662 0.0691735 0.107349 30
1 0.816982 0.492201 0.0420275 0.116097 29
0 0.300554 0.199026 0.0630217 0.0823238 24
0 0.365604 0.187092 0.0474985 0.0808937 21
0 0.38596 0.139887 0.0309265 0.0721258 13
