1 0.199834 0.446494 0.0439362 0.152354 36
0 0.0869052 0.585073 0.143241 0.256235 35
0 0.0738282 0.406903 0.0976558 0.176486 33
1 0.571023 0.259748 0.0242884 0.0865509 32
0 0.630622 0.189808 0.0566641 0.100683 31
0 0.255121 0.494415 0.130254 0.220437 30
1 0.695604 0.316178 0.026359 0.0847935 29
1 0.547073 0.359977 0.0324859 0.135427 28
0 0.252268 0.261635 0.0762563 0.104708 24
0 0.340314 0.238071 0.0666172 0.101209 21
0 0.317019 0.166713 0.0469761 0.0866081 17
0 0.372538 0.162698 0.042245 0.087679 13
