1 0.0252055 0.468235 0.0361664 0.108533 54
1 0.0607226 0.445276 0.0365648 0.115937 53
0 0.5108 0.117102 0.0457672 0.0780749 52
1 0.0921827 0.37668 0.0354038 0.104347 51
1 0.486338 0.215193 0.0196611 0.0711789 50
0 0.261719 0.348115 0.0942197 0.135045 49
1 0.526166 0.376231 0.0343573 0.139573 48
1 0.675481 0.589851 0.0616438 0.192581 46
0 0.214625 0.260531 0.072216 0.106587 43
1 0.339464 0.216596 0.0223523 0.0727871 40
0 0.311555 0.194134 0.0480384 0.0796442 35
0 0.708994 0.366373 0.127613 0.238202 31
0 0.377341 0.175339 0.0393568 0.0689442 30
0 0.393652 0.134086 0.0315714 0.0666114 21
