1 0.0854653 0.757986 0.0642482 0.221379 36
0 0.0392588 0.80952 0.0783591 0.342407 35
0 0.0300475 0.547984 0.060095 0.189329 33
1 0.53781 0.196375 0.0178322 0.0687859 32
0 0.635228 0.184426 0.0506048 0.0948662 31
0 0.186508 0.716417 0.180595 0.350488 30
1 0.665212 0.276848 0.0231501 0.0795085 29
1 0.511803 0.23102 0.0208768 0.08364 28
1 0.112767 0.343208 0.0304537 0.09503 27
1 0.607266 0.433625 0.0426266 0.143755 26
0 0.224816 0.301341 0.0890749 0.128622 24
0 0.322806 0.271823 0.0773195 0.116371 21
0 0.30577 0.179247 0.0548984 0.0905813 17
0 0.365968 0.180141 0.0458414 0.0809989 13
