0 0.472276 0.155243 0.0255175 0.0424643 57
0 0.0513234 0.568936 0.102647 0.199809 56
1 0.117791 0.352769 0.0325886 0.103758 53
0 0.516923 0.123583 0.0496027 0.0888196 52
1 0.506593 0.295278 0.026674 0.11726 50
0 0.297756 0.281965 0.0737844 0.109865 49
1 0.617679 0.802671 0.0855276 0.252443 48
0 0.237678 0.235098 0.0641603 0.096633 43
1 0.351133 0.194729 0.0167198 0.0626284 40
0 0.321726 0.179476 0.0421044 0.0676097 35
0 0.768563 0.468563 0.167085 0.31882 31
0 0.381632 0.164281 0.037851 0.0642738 30
0 0.396856 0.124636 0.029059 0.0662735 21
