1 0.018809 0.525853 0.0376179 0.138489 53
0 0.506422 0.11263 0.0406656 0.0790264 52
1 0.0527674 0.439576 0.042116 0.112792 51
1 0.478012 0.186674 0.0159391 0.0658039 50
0 0.229432 0.407382 0.110709 0.160107 49
1 0.509295 0.284997 0.0261215 0.106859 48
1 0.605128 0.421837 0.0436003 0.140546 46
1 0.24141 0.281057 0.028634 0.0942471 45
0 0.194962 0.281444 0.0714336 0.11113 43
1 0.330705 0.227217 0.0221399 0.079865 40
0 0.304692 0.200723 0.0509861 0.0844755 35
0 0.684453 0.325633 0.108448 0.201819 31
0 0.374288 0.181853 0.0417739 0.0755379 30
