0 0.0206835 0.5824 0.0409689 0.202503 33
1 0.531546 0.184617 0.015802 0.0614248 32
0 0.637012 0.183438 0.0499193 0.094572 31
0 0.16449 0.807645 0.191685 0.378004 30
1 0.656904 0.269385 0.0215635 0.0744325 29
1 0.506553 0.210063 0.0185452 0.0717218 28
1 0.0984541 0.361648 0.0338879 0.099617 27
1 0.581775 0.359978 0.0373494 0.118506 26
0 0.215799 0.316385 0.0944115 0.132246 24
0 0.316591 0.284714 0.0811217 0.122025 21
0 0.302185 0.183902 0.0555075 0.092048 17
0 0.363064 0.188611 0.047543 0.0788191 13
