0 0.0391522 0.623286 0.0782142 0.23145 56
1 0.0711552 0.386866 0.0337774 0.101676 54
1 0.100864 0.381975 0.0318393 0.105279 53
0 0.513307 0.119991 0.0475188 0.0860084 52
1 0.498709 0.261613 0.0232883 0.097809 50
0 0.286543 0.300878 0.0777586 0.116624 49
1 0.571456 0.599961 0.0591753 0.185842 48
1 0.809434 0.898391 0.0934721 0.191887 46
0 0.229765 0.240914 0.0652855 0.0961491 43
1 0.347693 0.197936 0.0182499 0.0679974 40
0 0.317004 0.182179 0.0409685 0.0728248 35
0 0.744755 0.4275 0.150397 0.288177 31
0 0.379817 0.167613 0.038403 0.0669117 30
