0 0.057812 0.844205 0.115624 0.308391 49
1 0.492042 0.173209 0.0140685 0.0549556 48
1 0.0547178 0.428018 0.0366321 0.10935 47
1 0.517871 0.213191 0.0196642 0.0716933 46
1 0.151169 0.440212 0.0428541 0.135009 45
0 0.120158 0.398002 0.105038 0.151315 43
1 0.239802 0.339434 0.0351612 0.129156 42
1 0.285647 0.309072 0.0329383 0.110453 40
0 0.268022 0.256508 0.0673034 0.0956632 35
0 0.23289 0.214477 0.0495353 0.084075 33
0 0.633854 0.243324 0.0633589 0.14652 31
0 0.357755 0.222467 0.0526428 0.0846273 30
1 0.934693 0.708183 0.0590576 0.170003 29
0 0.316595 0.174504 0.044576 0.0704635 24
0 0.377501 0.162226 0.0397818 0.0738276 21
