1 0.0287134 0.873151 0.0569793 0.222027 42
1 0.0175524 0.496074 0.0350783 0.116402 41
1 0.0941404 0.766754 0.0753186 0.221568 40
1 0.543867 0.167619 0.0239742 0.0516404 39
1 0.286111 0.274571 0.0289494 0.0941348 36
0 0.172857 0.412598 0.110099 0.157947 35
0 0.149729 0.316709 0.0823571 0.11801 33
1 0.683527 0.497453 0.0535402 0.1641 32
0 0.622783 0.203917 0.0530634 0.104479 31
0 0.310092 0.339584 0.088012 0.14354 30
1 0.752589 0.390916 0.0334238 0.107398 29
0 0.280561 0.221132 0.0629977 0.0917677 24
0 0.355584 0.208057 0.0567689 0.0877176 21
0 0.381683 0.149307 0.035259 0.0750887 13
