1 0.034 0.694849 0.0655202 0.18837 45
0 0.0458261 0.549713 0.0916521 0.193323 43
1 0.147004 0.516035 0.0544373 0.182743 42
1 0.0988885 0.359823 0.0333403 0.102923 41
1 0.211761 0.457767 0.0465366 0.15764 40
1 0.535754 0.165122 0.0277623 0.0522972 39
0 0.226069 0.324463 0.0868781 0.131383 35
0 0.196696 0.255357 0.0632936 0.104359 33
0 0.621297 0.216316 0.0482796 0.121064 31
0 0.338372 0.270198 0.0672004 0.106704 30
1 0.824553 0.506422 0.0420971 0.118776 29
0 0.301055 0.193284 0.0588181 0.0849833 24
0 0.366615 0.185016 0.047965 0.0809861 21
0 0.386522 0.137901 0.0315042 0.0720542 13
