1 0.0439388 0.767317 0.0765403 0.236444 42
1 0.0330874 0.462813 0.0405284 0.1127 41
1 0.12408 0.680692 0.0681195 0.204495 40
1 0.541674 0.167538 0.0252794 0.0517663 39
1 0.297061 0.252397 0.0243436 0.0897433 36
0 0.187076 0.38923 0.106163 0.145901 35
0 0.161925 0.30298 0.0769708 0.115273 33
1 0.7296 0.608718 0.0646738 0.181523 32
0 0.621203 0.204892 0.0513025 0.109323 31
0 0.317005 0.32057 0.0801787 0.132276 30
1 0.767573 0.409729 0.0389399 0.112196 29
0 0.283835 0.212886 0.0580576 0.091348 24
0 0.358219 0.201751 0.0538789 0.0865038 21
0 0.381807 0.148294 0.0346082 0.0699518 13
