1 0.0757619 0.690735 0.0705048 0.218116 42
1 0.0522104 0.432135 0.0374775 0.106688 41
1 0.151124 0.6038 0.060234 0.193139 40
1 0.539495 0.165755 0.0271868 0.0525091 39
0 0.198665 0.369649 0.101371 0.142025 35
0 0.172733 0.290673 0.0748511 0.108065 33
1 0.788934 0.753548 0.0822372 0.21746 32
0 0.619956 0.207789 0.0502182 0.110974 31
0 0.32412 0.303387 0.0771316 0.125438 30
1 0.780622 0.431015 0.0374716 0.117076 29
0 0.288158 0.209592 0.0582614 0.0925958 24
0 0.360864 0.19671 0.0517745 0.0828767 21
0 0.383144 0.144557 0.0337961 0.0732106 13
