1 0.0129628 0.521972 0.0258695 0.127156 47
1 0.508849 0.187968 0.0174188 0.0641156 46
1 0.106097 0.530113 0.0505114 0.151613 45
0 0.0832206 0.455797 0.11864 0.170609 43
1 0.206752 0.398036 0.0414019 0.147413 42
1 0.145857 0.301909 0.029037 0.0876261 41
1 0.258895 0.357709 0.0370602 0.130008 40
1 0.53222 0.164293 0.0226756 0.0515939 39
0 0.251557 0.281247 0.0766274 0.109078 35
0 0.219943 0.22439 0.0587982 0.102937 33
0 0.627093 0.22954 0.0519331 0.135459 31
0 0.350711 0.239562 0.057285 0.0901623 30
1 0.883838 0.616193 0.0493362 0.130354 29
0 0.310045 0.182972 0.0510167 0.0731126 24
0 0.373582 0.16982 0.0435061 0.0756266 21
