1 0.0672627 0.705483 0.0712825 0.228947 42
1 0.0472526 0.439886 0.0394508 0.110108 41
1 0.144316 0.61954 0.0619476 0.201681 40
1 0.539825 0.165623 0.0276229 0.0524173 39
0 0.195223 0.374843 0.0996963 0.141087 35
0 0.168904 0.292972 0.0758926 0.107493 33
1 0.772833 0.714869 0.0768257 0.206137 32
0 0.620071 0.20711 0.0502468 0.110549 31
0 0.322918 0.307866 0.0779885 0.12782 30
1 0.776996 0.426104 0.0384558 0.11371 29
0 0.287115 0.209917 0.0579638 0.0912347 24
0 0.360018 0.197598 0.0525402 0.0832705 21
0 0.382861 0.145396 0.0342348 0.0727582 13
