1 0.223132 0.393041 0.0383984 0.13489 36
0 0.106517 0.539931 0.139406 0.22757 35
0 0.0923211 0.3953 0.0959965 0.148892 33
1 0.584613 0.28842 0.0265589 0.0898271 32
0 0.628113 0.191751 0.0548281 0.101149 31
0 0.270181 0.454447 0.118782 0.194545 30
1 0.706384 0.329252 0.0277138 0.0875946 29
1 0.564608 0.427701 0.0365409 0.157483 28
1 0.163084 0.270992 0.0256602 0.0885069 27
0 0.258697 0.252394 0.0727058 0.104375 24
0 0.343052 0.226709 0.0649641 0.102901 21
0 0.318907 0.16492 0.0449382 0.0843009 17
0 0.374112 0.159914 0.0415505 0.0871887 13
