0 0.0253826 0.687785 0.0507653 0.327441 43
1 0.0959635 0.632269 0.0654047 0.215 42
1 0.0651232 0.4076 0.0382579 0.108713 41
1 0.16979 0.552402 0.0570744 0.188108 40
1 0.537842 0.165133 0.0282972 0.0527295 39
0 0.206757 0.354175 0.0954749 0.137034 35
0 0.179454 0.277188 0.068649 0.109401 33
1 0.841281 0.882784 0.0926117 0.234431 32
0 0.619749 0.209732 0.0496195 0.112624 31
0 0.327943 0.293086 0.0747689 0.117003 30
1 0.791767 0.454117 0.0379942 0.10784 29
0 0.291591 0.206636 0.0591226 0.0931991 24
0 0.362136 0.193866 0.0508473 0.0853047 21
0 0.383975 0.145415 0.0330152 0.0697005 13
