0 0.472671 0.155667 0.0264727 0.0423195 57
0 0.049558 0.581447 0.0990893 0.204023 56
1 0.114583 0.356033 0.0313832 0.106657 53
0 0.516615 0.122867 0.0495189 0.0883038 52
1 0.504448 0.287971 0.0254066 0.111823 50
0 0.295165 0.286485 0.0738002 0.111703 49
1 0.608383 0.754344 0.0821362 0.237045 48
0 0.236254 0.237283 0.0641497 0.0951804 43
1 0.35022 0.196297 0.0179006 0.0630175 40
0 0.32007 0.179655 0.0406347 0.0692434 35
0 0.76442 0.456119 0.163414 0.315975 31
0 0.381308 0.16461 0.0381735 0.065439 30
0 0.396644 0.125495 0.0292119 0.0651109 21
