1 0.47118 0.153988 0.012479 0.0567444 50
0 0.151014 0.566478 0.149926 0.235415 49
1 0.499252 0.213869 0.0174443 0.0725175 48
1 0.546324 0.283544 0.0256112 0.101238 46
1 0.206122 0.339476 0.0348661 0.110551 45
0 0.16322 0.324022 0.0840303 0.125999 43
1 0.276247 0.270474 0.0289716 0.102125 42
1 0.313531 0.255943 0.026628 0.0902894 40
0 0.289854 0.220817 0.0556086 0.0886475 35
0 0.654778 0.276928 0.0859484 0.16958 31
0 0.367614 0.195847 0.0452279 0.0812384 30
0 0.383741 0.147122 0.0354467 0.0744789 21
