1 0.0383377 0.483256 0.0368206 0.131835 53
0 0.507683 0.113198 0.0414697 0.075363 52
1 0.0715943 0.41158 0.0373402 0.107491 51
1 0.48168 0.191881 0.0172169 0.0827587 50
0 0.244716 0.38097 0.103055 0.143221 49
1 0.515923 0.321797 0.0282057 0.114466 48
1 0.631243 0.483557 0.0503342 0.15406 46
1 0.249333 0.274548 0.0281502 0.0857718 45
0 0.2029 0.273181 0.0715499 0.104291 43
1 0.334857 0.2197 0.0218121 0.0748071 40
0 0.307275 0.197887 0.051427 0.0808715 35
0 0.693576 0.341619 0.115273 0.220069 31
0 0.375451 0.178821 0.041532 0.0706953 30
