1 0.472262 0.159641 0.0135933 0.0564439 50
0 0.169331 0.518374 0.141106 0.222381 49
1 0.50072 0.225442 0.0188718 0.0779586 48
1 0.553935 0.303742 0.0277512 0.105195 46
1 0.214236 0.325753 0.0321802 0.11036 45
0 0.168827 0.31288 0.0835129 0.122063 43
1 0.283065 0.27067 0.0224106 0.0868923 42
1 0.317831 0.249378 0.0238396 0.0877619 40
0 0.293373 0.2159 0.0556556 0.0876149 35
0 0.658865 0.28506 0.0886405 0.17488 31
0 0.368882 0.193084 0.0449929 0.0802428 30
0 0.384324 0.145041 0.0357227 0.0750781 21
