1 0.171515 0.511712 0.0488761 0.184077 36
0 0.0696163 0.634088 0.139233 0.289175 35
0 0.0557812 0.452655 0.103598 0.158656 33
1 0.559589 0.23586 0.0215853 0.0822711 32
0 0.630617 0.188857 0.0539816 0.0993461 31
0 0.236299 0.546024 0.147277 0.247492 30
1 0.686644 0.304585 0.0257084 0.0827701 29
1 0.533029 0.306445 0.0268463 0.115518 28
1 0.732924 0.805765 0.0905235 0.250413 26
0 0.245055 0.271306 0.0791497 0.108558 24
0 0.334967 0.245464 0.0680028 0.105275 21
0 0.314448 0.171738 0.0494649 0.0830658 17
0 0.370877 0.162966 0.0433978 0.0957302 13
