1 0.0319097 0.494731 0.0408735 0.13654 53
0 0.507322 0.112357 0.0412757 0.0767796 52
1 0.066695 0.415847 0.0404247 0.11034 51
1 0.480635 0.191189 0.0159836 0.0776849 50
0 0.24105 0.387182 0.104415 0.144596 49
1 0.513735 0.311824 0.0278467 0.110672 48
1 0.623912 0.466515 0.0485779 0.155691 46
1 0.247112 0.276985 0.0292448 0.0893113 45
0 0.200497 0.274674 0.0709917 0.105359 43
1 0.333175 0.220222 0.0227205 0.0776004 40
0 0.306992 0.199044 0.0505906 0.0823054 35
0 0.691579 0.337291 0.113113 0.216142 31
0 0.37523 0.178789 0.0410608 0.0725297 30
