1 0.504488 0.178087 0.0151337 0.0548145 46
1 0.0741329 0.597127 0.0576661 0.165924 45
0 0.0600971 0.502324 0.120194 0.19432 43
1 0.181736 0.44364 0.0454605 0.16229 42
1 0.125544 0.323822 0.030682 0.0921348 41
1 0.239531 0.40052 0.0394588 0.137989 40
1 0.534347 0.165058 0.0235811 0.0521602 39
0 0.240435 0.298651 0.0810375 0.117063 35
0 0.209868 0.237284 0.0598912 0.102555 33
0 0.624332 0.220644 0.0486332 0.129112 31
0 0.345876 0.251985 0.0626691 0.0967489 30
1 0.855072 0.56176 0.0445456 0.125796 29
0 0.30502 0.186942 0.0529135 0.078856 24
0 0.369513 0.179154 0.0454772 0.0763997 21
