0 0.0655208 0.828503 0.131042 0.33681 49
1 0.492672 0.176671 0.0147129 0.0571497 48
1 0.520097 0.219984 0.0197345 0.0717261 46
1 0.158712 0.428544 0.0409546 0.124886 45
0 0.12511 0.388004 0.0997875 0.146949 43
1 0.245583 0.326821 0.0347364 0.121219 42
1 0.289336 0.302976 0.0310775 0.105137 40
0 0.270766 0.252021 0.06886 0.0964875 35
0 0.234678 0.210465 0.0501393 0.0907307 33
0 0.63583 0.247338 0.0666294 0.146039 31
0 0.359508 0.217645 0.0524837 0.0854914 30
1 0.945182 0.734883 0.0554512 0.157526 29
0 0.31776 0.171941 0.0452363 0.0715477 24
0 0.378149 0.162651 0.040124 0.0717705 21
