1 0.020327 0.473357 0.0372375 0.10866 54
1 0.0561527 0.45381 0.0377709 0.127087 53
0 0.510199 0.116758 0.0443787 0.0776235 52
1 0.0869353 0.381074 0.0376638 0.107525 51
1 0.484751 0.210522 0.0190099 0.0701996 50
0 0.258241 0.352986 0.0953103 0.139554 49
1 0.523305 0.364751 0.0332138 0.130732 48
1 0.664396 0.563527 0.0609097 0.183007 46
0 0.21227 0.263481 0.0726338 0.106755 43
1 0.338266 0.217124 0.0236833 0.0729586 40
0 0.309184 0.194283 0.0440822 0.0789179 35
0 0.705797 0.361626 0.125242 0.233276 31
0 0.377032 0.176151 0.0397788 0.0693394 30
