1 0.0320137 0.839366 0.0640274 0.22339 42
1 0.0202234 0.48669 0.0396955 0.114995 41
1 0.102327 0.744903 0.0745466 0.217275 40
1 0.543376 0.167543 0.0244997 0.052211 39
1 0.289672 0.265868 0.0256484 0.0962198 36
0 0.176635 0.406434 0.109582 0.156061 35
0 0.152387 0.313733 0.0800565 0.118433 33
1 0.692882 0.522451 0.0541729 0.169871 32
0 0.622341 0.204528 0.0525772 0.104811 31
0 0.312219 0.335776 0.0857151 0.139734 30
1 0.756205 0.396551 0.0349535 0.10583 29
0 0.281678 0.21943 0.062995 0.0907066 24
0 0.356367 0.20659 0.0567638 0.0889535 21
0 0.381705 0.149543 0.0352819 0.0736237 13
