1 0.0147895 0.505653 0.0295789 0.121701 47
1 0.509876 0.190206 0.0175928 0.066101 46
1 0.111204 0.517783 0.0499858 0.150322 45
0 0.0883966 0.447526 0.114192 0.16658 43
1 0.210914 0.390962 0.0403387 0.146042 42
1 0.149193 0.297614 0.0286567 0.0891606 41
1 0.262371 0.352823 0.0364472 0.123979 40
1 0.531674 0.164181 0.0225683 0.0515267 39
0 0.253198 0.278292 0.0759892 0.107542 35
0 0.221364 0.224004 0.0569666 0.100437 33
0 0.627738 0.23031 0.0529967 0.136364 31
0 0.351216 0.236808 0.0570962 0.0903492 30
1 0.889961 0.622551 0.0543343 0.136178 29
0 0.310824 0.183009 0.0510922 0.0727896 24
0 0.373728 0.168959 0.0426711 0.0749234 21
