0 0.503233 0.109501 0.0366657 0.0785082 52
1 0.0196319 0.504167 0.0392638 0.122061 51
1 0.474338 0.16799 0.0144035 0.0612159 50
0 0.197985 0.463872 0.128263 0.194164 49
1 0.503487 0.246012 0.0217743 0.0874236 48
1 0.571828 0.343203 0.0347088 0.120519 46
1 0.2258 0.307078 0.0315354 0.102764 45
0 0.179168 0.300283 0.0770306 0.118647 43
1 0.323307 0.23847 0.025453 0.0838515 40
0 0.294336 0.21078 0.0485432 0.0844739 35
0 0.260733 0.184501 0.040314 0.0758397 33
0 0.668707 0.300089 0.0978534 0.187831 31
0 0.370541 0.18999 0.0429293 0.0752856 30
0 0.385756 0.143627 0.0334408 0.0735476 21
