0 0.0842195 0.740675 0.168199 0.32238 49
1 0.494661 0.185118 0.015458 0.0643083 48
1 0.0846643 0.383655 0.0278718 0.0953278 47
1 0.527266 0.238341 0.0220497 0.0782068 46
1 0.175632 0.398747 0.0374879 0.111515 45
0 0.140536 0.363494 0.0965787 0.13531 43
1 0.257717 0.308345 0.0323137 0.110755 42
1 0.298019 0.285049 0.0308089 0.101853 40
0 0.277792 0.239892 0.0647867 0.0904908 35
0 0.641007 0.255648 0.0727444 0.148346 31
0 0.362244 0.211219 0.050218 0.0841944 30
1 0.971828 0.785263 0.055938 0.185492 29
0 0.320803 0.165951 0.0441775 0.070176 24
0 0.381246 0.158344 0.0367249 0.0725524 21
