1 0.0597978 0.727179 0.0740941 0.227542 42
1 0.0431182 0.448895 0.0398201 0.108685 41
1 0.137909 0.639814 0.0651118 0.202458 40
1 0.540573 0.166309 0.0267977 0.0522345 39
0 0.192709 0.378889 0.102077 0.143644 35
0 0.16661 0.296176 0.0767802 0.11164 33
1 0.757079 0.67456 0.0721259 0.202679 32
0 0.620133 0.206439 0.0500654 0.110395 31
0 0.320866 0.312096 0.0787654 0.129802 30
1 0.773954 0.419498 0.0398884 0.113636 29
0 0.286554 0.211472 0.0588199 0.0915803 24
0 0.35939 0.198405 0.0523439 0.083597 21
0 0.382337 0.147074 0.0343939 0.0702518 13
