1 0.470705 0.150086 0.0126668 0.0559195 50
0 0.137777 0.592191 0.155184 0.262854 49
1 0.498629 0.206172 0.0172917 0.0714787 48
1 0.542251 0.273595 0.0243292 0.0943771 46
1 0.200249 0.349082 0.0346498 0.114727 45
0 0.15913 0.330879 0.0874329 0.13022 43
1 0.273522 0.27771 0.0303347 0.105746 42
1 0.310862 0.260244 0.0284439 0.09397 40
0 0.288293 0.22374 0.0591515 0.0893527 35
0 0.651204 0.272102 0.0826431 0.164558 31
0 0.366897 0.199357 0.0458451 0.0800006 30
0 0.326111 0.160452 0.0426969 0.0665523 24
0 0.382796 0.151824 0.0348962 0.0695204 21
