0 0.502924 0.108825 0.0371799 0.0771826 52
1 0.0170224 0.51465 0.0340275 0.122401 51
1 0.474144 0.165721 0.0146665 0.0589688 50
0 0.19239 0.473432 0.129841 0.2005 49
1 0.502952 0.240441 0.0212639 0.0850253 48
1 0.566899 0.334846 0.032144 0.113069 46
1 0.223476 0.310391 0.0325119 0.102909 45
0 0.177833 0.30216 0.08022 0.123458 43
1 0.321557 0.239667 0.0268918 0.0856094 40
0 0.29354 0.211533 0.0479039 0.084595 35
0 0.666572 0.29789 0.0958333 0.186064 31
0 0.369944 0.190601 0.0438805 0.0762179 30
0 0.385428 0.144404 0.0332459 0.0737892 21
