0 0.0468689 0.865572 0.0937379 0.265294 49
1 0.490985 0.167129 0.0136429 0.0558609 48
1 0.0405663 0.451825 0.0381116 0.112503 47
1 0.515253 0.202763 0.0194876 0.068973 46
1 0.138836 0.461308 0.0447192 0.140316 45
0 0.110005 0.412994 0.105817 0.155361 43
1 0.230837 0.353101 0.0375545 0.134413 42
1 0.165709 0.277412 0.0261771 0.0843441 41
1 0.277679 0.325268 0.0344391 0.108433 40
0 0.263052 0.262534 0.0739477 0.103685 35
0 0.228245 0.221223 0.0496723 0.0841039 33
0 0.631951 0.238761 0.0602348 0.14048 31
0 0.355522 0.227087 0.053377 0.0851413 30
1 0.922167 0.683576 0.0572178 0.143456 29
0 0.314744 0.174978 0.0461862 0.074943 24
0 0.376649 0.162665 0.0400854 0.0770668 21
