1 0.0319263 0.494923 0.0409049 0.136626 53
0 0.507247 0.112317 0.0414146 0.0769928 52
1 0.066665 0.415696 0.0405242 0.110532 51
1 0.480635 0.191192 0.0159899 0.0776524 50
0 0.241057 0.387181 0.104393 0.144646 49
1 0.51373 0.311785 0.0278412 0.110674 48
1 0.623905 0.46651 0.0485793 0.155762 46
1 0.247105 0.276963 0.0292682 0.0893803 45
0 0.200506 0.27472 0.0709996 0.105287 43
1 0.333173 0.220207 0.0227253 0.077614 40
0 0.30697 0.19904 0.0506266 0.0822999 35
0 0.691585 0.337307 0.113113 0.216152 31
0 0.375223 0.178775 0.0410548 0.0725808 30
