1 0.0143455 0.495787 0.0282783 0.112699 54
1 0.0475223 0.468604 0.0376359 0.124421 53
0 0.509048 0.114727 0.0417902 0.0739216 52
1 0.0796953 0.397239 0.0377165 0.102353 51
1 0.482597 0.198907 0.0175108 0.0798615 50
0 0.25186 0.367195 0.0978233 0.14231 49
1 0.519513 0.343679 0.0301165 0.1224 48
1 0.647356 0.521756 0.0551648 0.170641 46
1 0.253164 0.268859 0.0265534 0.092762 45
0 0.207771 0.269151 0.0720983 0.103211 43
1 0.337687 0.218984 0.0224603 0.0733303 40
0 0.309751 0.198938 0.0506297 0.0856554 35
0 0.700744 0.352373 0.120046 0.221709 31
0 0.376267 0.177224 0.0402499 0.0696097 30
