0 0.0444734 0.601523 0.0889469 0.216178 56
1 0.0774619 0.378504 0.0304628 0.101367 54
1 0.10848 0.371835 0.0322227 0.102987 53
0 0.515022 0.121601 0.0477114 0.0865703 52
1 0.501568 0.276452 0.0255309 0.103279 50
0 0.290478 0.292533 0.075523 0.116162 49
1 0.587865 0.672518 0.0669163 0.199041 48
1 0.84192 0.943049 0.101494 0.107922 46
0 0.23295 0.238276 0.063472 0.0940742 43
1 0.348045 0.19589 0.0185266 0.067538 40
0 0.318052 0.1812 0.0390543 0.0691911 35
0 0.755311 0.44336 0.156654 0.298454 31
0 0.380812 0.166017 0.0374874 0.0651312 30
