1 0.470875 0.152157 0.0127161 0.0565853 50
0 0.144683 0.576096 0.152046 0.251989 49
1 0.499075 0.209939 0.017415 0.0707417 48
1 0.544431 0.277732 0.0253103 0.0957329 46
1 0.203274 0.343327 0.0338831 0.11573 45
0 0.160316 0.325271 0.0847775 0.134134 43
1 0.275299 0.277434 0.0289439 0.0975424 42
1 0.312246 0.258068 0.0271463 0.0917536 40
0 0.289072 0.223026 0.0566877 0.0889808 35
0 0.653118 0.274983 0.0843626 0.167361 31
0 0.367229 0.197858 0.0456489 0.0803333 30
0 0.326456 0.158785 0.0413767 0.0674955 24
0 0.38323 0.149408 0.0351164 0.0715731 21
