0 0.11009 0.66322 0.166775 0.282911 49
1 0.496508 0.195471 0.0170946 0.0736783 48
1 0.101268 0.35841 0.02502 0.0964265 47
1 0.532583 0.254132 0.0236906 0.0840697 46
1 0.188584 0.374801 0.0342898 0.109017 45
0 0.152857 0.347422 0.0936632 0.131588 43
1 0.265949 0.292517 0.0289198 0.102396 42
1 0.3049 0.272557 0.027327 0.094798 40
0 0.285418 0.2316 0.0580135 0.085959 35
0 0.246178 0.198984 0.0482206 0.0826609 33
0 0.645109 0.264442 0.0779253 0.156506 31
0 0.364654 0.204315 0.0476523 0.0844171 30
1 0.981887 0.843812 0.0362257 0.161221 29
0 0.323845 0.164112 0.0436228 0.0671997 24
0 0.381875 0.154441 0.0359063 0.070154 21
